"       MOD"
"L4_position, DISPLACEMENT, I = 40, J = 24, RM = 24"

"Time      ","L4_position.X","L4_position.Y","L4_position.Z","L4_position.X","L4_position.Y","L4_position.Z","L4_position.R1","L4_position.R2","L4_position.R3"
0.000000e+000,-5.020539e-016,7.361936e+001,-7.060017e+000,-5.020539e-016,7.361936e+001,-7.060017e+000,1.800000e+002,1.450000e+000,1.800000e+002
1.666667e-002,-5.681388e-013,7.362633e+001,-7.076383e+000,-5.681388e-013,7.362633e+001,-7.076383e+000,-1.800000e+002,1.534214e+000,1.800000e+002
3.333333e-002,-1.081993e-012,7.363376e+001,-7.087830e+000,-1.081993e-012,7.363376e+001,-7.087830e+000,-1.800000e+002,1.580322e+000,1.800000e+002
5.000000e-002,-1.292380e-012,7.364024e+001,-7.093890e+000,-1.292380e-012,7.364024e+001,-7.093890e+000,-1.800000e+002,1.594493e+000,1.800000e+002
6.666667e-002,-1.413405e-012,7.364540e+001,-7.097467e+000,-1.413405e-012,7.364540e+001,-7.097467e+000,-1.800000e+002,1.599196e+000,1.800000e+002
8.333333e-002,-1.483267e-012,7.364934e+001,-7.099673e+000,-1.483267e-012,7.364934e+001,-7.099673e+000,-1.800000e+002,1.600769e+000,1.800000e+002
1.000000e-001,-1.503664e-012,7.365221e+001,-7.101135e+000,-1.503664e-012,7.365221e+001,-7.101135e+000,-1.800000e+002,1.602096e+000,1.800000e+002
1.166667e-001,-1.486364e-012,7.365436e+001,-7.102222e+000,-1.486364e-012,7.365436e+001,-7.102222e+000,-1.800000e+002,1.603572e+000,1.800000e+002
1.333333e-001,-1.493404e-012,7.365600e+001,-7.103069e+000,-1.493404e-012,7.365600e+001,-7.103069e+000,-1.800000e+002,1.604816e+000,1.800000e+002
1.500000e-001,-1.495507e-012,7.365699e+001,-7.103543e+000,-1.495507e-012,7.365699e+001,-7.103543e+000,-1.800000e+002,1.605860e+000,1.800000e+002
1.666667e-001,-1.497504e-012,7.365783e+001,-7.103947e+000,-1.497504e-012,7.365783e+001,-7.103947e+000,-1.800000e+002,1.606591e+000,1.800000e+002
1.833333e-001,-1.496364e-012,7.365832e+001,-7.104159e+000,-1.496364e-012,7.365832e+001,-7.104159e+000,-1.800000e+002,1.607054e+000,1.800000e+002
2.000000e-001,-1.496479e-012,7.365861e+001,-7.104269e+000,-1.496479e-012,7.365861e+001,-7.104269e+000,-1.800000e+002,1.607346e+000,1.800000e+002
2.166667e-001,-1.501069e-012,7.365882e+001,-7.104348e+000,-1.501069e-012,7.365882e+001,-7.104348e+000,-1.800000e+002,1.607539e+000,1.800000e+002
2.333333e-001,-1.511109e-012,7.365888e+001,-7.104353e+000,-1.511109e-012,7.365888e+001,-7.104353e+000,-1.800000e+002,1.607595e+000,1.800000e+002
2.500000e-001,-1.527593e-012,7.365895e+001,-7.104368e+000,-1.527593e-012,7.365895e+001,-7.104368e+000,-1.800000e+002,1.607659e+000,1.800000e+002
2.666667e-001,-1.548764e-012,7.365896e+001,-7.104357e+000,-1.548764e-012,7.365896e+001,-7.104357e+000,-1.800000e+002,1.607667e+000,1.800000e+002
2.833333e-001,-1.554728e-012,7.365901e+001,-7.104368e+000,-1.554728e-012,7.365901e+001,-7.104368e+000,-1.800000e+002,1.607714e+000,1.800000e+002
3.000000e-001,-1.549930e-012,7.365909e+001,-7.104392e+000,-1.549930e-012,7.365909e+001,-7.104392e+000,-1.800000e+002,1.607780e+000,1.800000e+002
3.166667e-001,-1.543411e-012,7.365914e+001,-7.104406e+000,-1.543411e-012,7.365914e+001,-7.104406e+000,-1.800000e+002,1.607825e+000,1.800000e+002
3.333333e-001,-1.535093e-012,7.365916e+001,-7.104411e+000,-1.535093e-012,7.365916e+001,-7.104411e+000,-1.800000e+002,1.607849e+000,1.800000e+002
3.500000e-001,-1.522177e-012,7.365916e+001,-7.104407e+000,-1.522177e-012,7.365916e+001,-7.104407e+000,-1.800000e+002,1.607851e+000,1.800000e+002
3.666667e-001,-1.510416e-012,7.365914e+001,-7.104395e+000,-1.510416e-012,7.365914e+001,-7.104395e+000,-1.800000e+002,1.607831e+000,1.800000e+002
3.833333e-001,-1.493979e-012,7.365909e+001,-7.104373e+000,-1.493979e-012,7.365909e+001,-7.104373e+000,-1.800000e+002,1.607790e+000,1.800000e+002
4.000000e-001,-1.478921e-012,7.365904e+001,-7.104348e+000,-1.478921e-012,7.365904e+001,-7.104348e+000,-1.800000e+002,1.607740e+000,1.800000e+002
4.166667e-001,-1.460753e-012,7.365902e+001,-7.104338e+000,-1.460753e-012,7.365902e+001,-7.104338e+000,-1.800000e+002,1.607725e+000,1.800000e+002
4.333333e-001,-1.441278e-012,7.365900e+001,-7.104327e+000,-1.441278e-012,7.365900e+001,-7.104327e+000,-1.800000e+002,1.607708e+000,1.800000e+002
4.500000e-001,-1.420498e-012,7.365897e+001,-7.104316e+000,-1.420498e-012,7.365897e+001,-7.104316e+000,-1.800000e+002,1.607689e+000,1.800000e+002
4.666667e-001,-1.398490e-012,7.365895e+001,-7.104305e+000,-1.398490e-012,7.365895e+001,-7.104305e+000,-1.800000e+002,1.607669e+000,1.800000e+002
4.833333e-001,-1.375255e-012,7.365892e+001,-7.104293e+000,-1.375255e-012,7.365892e+001,-7.104293e+000,-1.800000e+002,1.607647e+000,1.800000e+002
5.000000e-001,-1.346229e-012,7.365848e+001,-7.103037e+000,-1.346229e-012,7.365848e+001,-7.103037e+000,-1.800000e+002,1.590998e+000,1.800000e+002
5.166667e-001,-1.313613e-012,7.365748e+001,-7.100114e+000,-1.313613e-012,7.365748e+001,-7.100114e+000,-1.800000e+002,1.552075e+000,1.800000e+002
5.333333e-001,-1.253294e-012,7.365588e+001,-7.092589e+000,-1.253294e-012,7.365588e+001,-7.092589e+000,-1.800000e+002,1.461154e+000,1.800000e+002
5.500000e-001,-1.174088e-012,7.365345e+001,-7.081434e+000,-1.174088e-012,7.365345e+001,-7.081434e+000,-1.800000e+002,1.329793e+000,1.800000e+002
5.666667e-001,-1.094093e-012,7.364998e+001,-7.068095e+000,-1.094093e-012,7.364998e+001,-7.068095e+000,-1.800000e+002,1.174653e+000,1.800000e+002
5.833333e-001,-1.019729e-012,7.364587e+001,-7.057138e+000,-1.019729e-012,7.364587e+001,-7.057138e+000,-1.800000e+002,1.042774e+000,1.800000e+002
6.000000e-001,-9.470442e-013,7.364130e+001,-7.049726e+000,-9.470442e-013,7.364130e+001,-7.049726e+000,-1.800000e+002,9.454695e-001,1.800000e+002
6.166667e-001,-8.816392e-013,7.363626e+001,-7.044571e+000,-8.816392e-013,7.363626e+001,-7.044571e+000,-1.800000e+002,8.706852e-001,1.800000e+002
6.333333e-001,-8.178823e-013,7.363065e+001,-7.040329e+000,-8.178823e-013,7.363065e+001,-7.040329e+000,-1.800000e+002,8.058935e-001,1.800000e+002
6.500000e-001,-7.557684e-013,7.362430e+001,-7.036458e+000,-7.557684e-013,7.362430e+001,-7.036458e+000,-1.800000e+002,7.458747e-001,1.800000e+002
6.666667e-001,-6.980340e-013,7.362142e+001,-7.032381e+000,-6.980340e-013,7.362142e+001,-7.032381e+000,1.800000e+002,6.893649e-001,-1.800000e+002
6.833333e-001,-6.504208e-013,7.361862e+001,-7.028510e+000,-6.504208e-013,7.361862e+001,-7.028510e+000,1.800000e+002,6.362055e-001,-1.800000e+002
7.000000e-001,-6.044427e-013,7.361560e+001,-7.024791e+000,-6.044427e-013,7.361560e+001,-7.024791e+000,1.800000e+002,5.854140e-001,-1.800000e+002
7.166667e-001,-5.543017e-013,7.361247e+001,-7.021203e+000,-5.543017e-013,7.361247e+001,-7.021203e+000,1.800000e+002,5.366951e-001,-1.800000e+002
7.333333e-001,-5.205476e-013,7.360953e+001,-7.017695e+000,-5.205476e-013,7.360953e+001,-7.017695e+000,1.800000e+002,4.892909e-001,-1.800000e+002
7.500000e-001,-4.986718e-013,7.360672e+001,-7.014276e+000,-4.986718e-013,7.360672e+001,-7.014276e+000,1.800000e+002,4.433604e-001,-1.800000e+002
7.666667e-001,-4.782353e-013,7.360395e+001,-7.010964e+000,-4.782353e-013,7.360395e+001,-7.010964e+000,1.800000e+002,3.991295e-001,-1.800000e+002
7.833333e-001,-4.592241e-013,7.360122e+001,-7.007758e+000,-4.592241e-013,7.360122e+001,-7.007758e+000,1.800000e+002,3.565982e-001,-1.800000e+002
8.000000e-001,-4.415880e-013,7.359852e+001,-7.004658e+000,-4.415880e-013,7.359852e+001,-7.004658e+000,1.800000e+002,3.157665e-001,-1.800000e+002
8.166667e-001,-4.316810e-013,7.359588e+001,-7.001645e+000,-4.316810e-013,7.359588e+001,-7.001645e+000,1.800000e+002,2.763795e-001,-1.800000e+002
8.333333e-001,-4.270438e-013,7.359350e+001,-6.998577e+000,-4.270438e-013,7.359350e+001,-6.998577e+000,1.800000e+002,2.365223e-001,-1.800000e+002
8.500000e-001,-4.287755e-013,7.359122e+001,-6.995563e+000,-4.287755e-013,7.359122e+001,-6.995563e+000,1.800000e+002,1.976551e-001,-1.800000e+002
8.666667e-001,-4.340796e-013,7.358905e+001,-6.992602e+000,-4.340796e-013,7.358905e+001,-6.992602e+000,1.800000e+002,1.597780e-001,-1.800000e+002
8.833333e-001,-4.429571e-013,7.358699e+001,-6.989695e+000,-4.429571e-013,7.358699e+001,-6.989695e+000,1.800000e+002,1.228909e-001,-1.800000e+002
9.000000e-001,-4.582112e-013,7.358503e+001,-6.986841e+000,-4.582112e-013,7.358503e+001,-6.986841e+000,1.800000e+002,8.699385e-002,-1.800000e+002
9.166667e-001,-4.663920e-013,7.358315e+001,-6.984011e+000,-4.663920e-013,7.358315e+001,-6.984011e+000,1.800000e+002,5.150748e-002,-1.800000e+002
9.333333e-001,-4.676661e-013,7.358133e+001,-6.981197e+000,-4.676661e-013,7.358133e+001,-6.981197e+000,-1.800000e+002,1.625501e-002,1.800000e+002
9.500000e-001,-4.672460e-013,7.357960e+001,-6.978419e+000,-4.672460e-013,7.357960e+001,-6.978419e+000,-4.781168e-010,1.835571e-002,4.765322e-010
9.666667e-001,-4.651298e-013,7.357795e+001,-6.975678e+000,-4.651298e-013,7.357795e+001,-6.975678e+000,-3.080860e-010,5.232468e-002,3.064762e-010
9.833333e-001,-4.641198e-013,7.357639e+001,-6.972972e+000,-4.641198e-013,7.357639e+001,-6.972972e+000,-2.654533e-010,8.565189e-002,2.638181e-010
1.000000e+000,-4.586145e-013,7.357492e+001,-6.970302e+000,-4.586145e-013,7.357492e+001,-6.970302e+000,-2.541817e-010,1.183374e-001,2.525467e-010
1.016667e+000,-4.514654e-013,7.357342e+001,-6.967648e+000,-4.514654e-013,7.357342e+001,-6.967648e+000,-2.140955e-010,1.509478e-001,2.124735e-010
1.033333e+000,-4.454509e-013,7.357196e+001,-6.965023e+000,-4.454509e-013,7.357196e+001,-6.965023e+000,-1.847173e-010,1.831166e-001,1.831083e-010
1.050000e+000,-4.377990e-013,7.357055e+001,-6.962427e+000,-4.377990e-013,7.357055e+001,-6.962427e+000,-1.542719e-010,2.148241e-001,1.526884e-010
1.066667e+000,-4.284996e-013,7.356918e+001,-6.959861e+000,-4.284996e-013,7.356918e+001,-6.959861e+000,-1.289202e-010,2.460702e-001,1.273750e-010
1.083333e+000,-4.175707e-013,7.356787e+001,-6.957325e+000,-4.175707e-013,7.356787e+001,-6.957325e+000,-1.041740e-010,2.768550e-001,1.026797e-010
1.100000e+000,-4.090270e-013,7.356655e+001,-6.954802e+000,-4.090270e-013,7.356655e+001,-6.954802e+000,-8.442919e-011,3.074682e-001,8.297305e-011
1.116667e+000,-4.068784e-013,7.356521e+001,-6.952279e+000,-4.068784e-013,7.356521e+001,-6.952279e+000,-8.120300e-011,3.381863e-001,7.974706e-011
1.133333e+000,-4.023891e-013,7.356389e+001,-6.949779e+000,-4.023891e-013,7.356389e+001,-6.949779e+000,-7.659329e-011,3.685713e-001,7.515024e-011
1.150000e+000,-3.983613e-013,7.356260e+001,-6.947302e+000,-3.983613e-013,7.356260e+001,-6.947302e+000,-7.091474e-011,3.986232e-001,6.948454e-011
1.166667e+000,-3.975553e-013,7.356133e+001,-6.944847e+000,-3.975553e-013,7.356133e+001,-6.944847e+000,-6.779527e-011,4.283419e-001,6.636524e-011
1.183333e+000,-3.944383e-013,7.356010e+001,-6.942415e+000,-3.944383e-013,7.356010e+001,-6.942415e+000,-6.192923e-011,4.577276e-001,6.051200e-011
1.200000e+000,-3.889716e-013,7.355889e+001,-6.940006e+000,-3.889716e-013,7.355889e+001,-6.940006e+000,-5.679457e-011,4.867802e-001,5.540286e-011
1.216667e+000,-3.867504e-013,7.355771e+001,-6.937620e+000,-3.867504e-013,7.355771e+001,-6.937620e+000,-5.228103e-011,5.154996e-001,5.090210e-011
1.233333e+000,-3.849769e-013,7.355656e+001,-6.935256e+000,-3.849769e-013,7.355656e+001,-6.935256e+000,-4.827123e-011,5.438859e-001,4.690508e-011
1.250000e+000,-3.837069e-013,7.355544e+001,-6.932915e+000,-3.837069e-013,7.355544e+001,-6.932915e+000,-4.213430e-011,5.719392e-001,4.078079e-011
1.266667e+000,-3.800632e-013,7.355434e+001,-6.930597e+000,-3.800632e-013,7.355434e+001,-6.930597e+000,-3.779245e-011,5.996593e-001,3.646436e-011
1.283333e+000,-3.769004e-013,7.355328e+001,-6.928301e+000,-3.769004e-013,7.355328e+001,-6.928301e+000,-3.268689e-011,6.270463e-001,3.138413e-011
1.300000e+000,-3.754788e-013,7.355217e+001,-6.925993e+000,-3.754788e-013,7.355217e+001,-6.925993e+000,-3.023589e-011,6.546807e-001,2.894586e-011
1.316667e+000,-3.710102e-013,7.355106e+001,-6.923691e+000,-3.710102e-013,7.355106e+001,-6.923691e+000,-2.904065e-011,6.822486e-001,2.777614e-011
1.333333e+000,-3.667233e-013,7.354997e+001,-6.921405e+000,-3.667233e-013,7.354997e+001,-6.921405e+000,-2.691712e-011,7.096029e-001,2.567806e-011
1.350000e+000,-3.625501e-013,7.354888e+001,-6.919134e+000,-3.625501e-013,7.354888e+001,-6.919134e+000,-2.594557e-011,7.367438e-001,2.473203e-011
1.366667e+000,-3.585612e-013,7.354782e+001,-6.916878e+000,-3.585612e-013,7.354782e+001,-6.916878e+000,-2.409346e-011,7.636712e-001,2.290536e-011
1.383333e+000,-3.518858e-013,7.354676e+001,-6.914638e+000,-3.518858e-013,7.354676e+001,-6.914638e+000,-2.328098e-011,7.903851e-001,2.213112e-011
1.400000e+000,-3.481948e-013,7.354572e+001,-6.912413e+000,-3.481948e-013,7.354572e+001,-6.912413e+000,-2.164518e-011,8.168855e-001,2.052075e-011
1.416667e+000,-3.418149e-013,7.354470e+001,-6.910204e+000,-3.418149e-013,7.354470e+001,-6.910204e+000,-2.096712e-011,8.431724e-001,1.988092e-011
1.433333e+000,-3.383794e-013,7.354368e+001,-6.908010e+000,-3.383794e-013,7.354368e+001,-6.908010e+000,-2.034521e-011,8.692459e-001,1.928453e-011
1.450000e+000,-3.323372e-013,7.354268e+001,-6.905832e+000,-3.323372e-013,7.354268e+001,-6.905832e+000,-1.893550e-011,8.951058e-001,1.791295e-011
1.466667e+000,-3.263996e-013,7.354170e+001,-6.903669e+000,-3.263996e-013,7.354170e+001,-6.903669e+000,-1.839827e-011,9.207523e-001,1.741395e-011
1.483333e+000,-3.203834e-013,7.354072e+001,-6.901517e+000,-3.203834e-013,7.354072e+001,-6.901517e+000,-1.789074e-011,9.462505e-001,1.694465e-011
1.500000e+000,-3.134836e-013,7.353972e+001,-6.899361e+000,-3.134836e-013,7.353972e+001,-6.899361e+000,-1.665621e-011,9.718465e-001,1.574824e-011
1.516667e+000,-3.064838e-013,7.353874e+001,-6.897217e+000,-3.064838e-013,7.353874e+001,-6.897217e+000,-1.621620e-011,9.972871e-001,1.534646e-011
1.533333e+000,-2.994301e-013,7.353776e+001,-6.895084e+000,-2.994301e-013,7.353776e+001,-6.895084e+000,-1.579845e-011,1.022572e+000,1.496694e-011
1.550000e+000,-2.895252e-013,7.353679e+001,-6.892963e+000,-2.895252e-013,7.353679e+001,-6.892963e+000,-1.538847e-011,1.047702e+000,1.460790e-011
1.566667e+000,-2.823637e-013,7.353583e+001,-6.890854e+000,-2.823637e-013,7.353583e+001,-6.890854e+000,-1.501010e-011,1.072676e+000,1.426776e-011
1.583333e+000,-2.723511e-013,7.353487e+001,-6.888756e+000,-2.723511e-013,7.353487e+001,-6.888756e+000,-1.463646e-011,1.097495e+000,1.394506e-011
1.600000e+000,-2.650819e-013,7.353393e+001,-6.886671e+000,-2.650819e-013,7.353393e+001,-6.886671e+000,-1.429170e-011,1.122159e+000,1.363853e-011
1.616667e+000,-2.549616e-013,7.353299e+001,-6.884597e+000,-2.549616e-013,7.353299e+001,-6.884597e+000,-1.394922e-011,1.146666e+000,1.334700e-011
1.633333e+000,-2.447875e-013,7.353206e+001,-6.882534e+000,-2.447875e-013,7.353206e+001,-6.882534e+000,-1.362067e-011,1.171019e+000,1.306940e-011
1.650000e+000,-2.345596e-013,7.353114e+001,-6.880484e+000,-2.345596e-013,7.353114e+001,-6.880484e+000,-1.330510e-011,1.195216e+000,1.280478e-011
1.666667e+000,-2.242778e-013,7.353022e+001,-6.878445e+000,-2.242778e-013,7.353022e+001,-6.878445e+000,-1.300164e-011,1.219258e+000,1.255226e-011
1.683333e+000,-2.130711e-013,7.352931e+001,-6.876406e+000,-2.130711e-013,7.352931e+001,-6.876406e+000,-1.329413e-011,1.243300e+000,1.289584e-011
1.700000e+000,-1.983484e-013,7.352840e+001,-6.874368e+000,-1.983484e-013,7.352840e+001,-6.874368e+000,-1.298595e-011,1.267326e+000,1.265133e-011
1.716667e+000,-1.861464e-013,7.352749e+001,-6.872338e+000,-1.861464e-013,7.352749e+001,-6.872338e+000,-1.270068e-011,1.291240e+000,1.241700e-011
1.733333e+000,-1.708710e-013,7.352659e+001,-6.870317e+000,-1.708710e-013,7.352659e+001,-6.870317e+000,-1.241225e-011,1.315040e+000,1.219224e-011
1.750000e+000,-1.581161e-013,7.352570e+001,-6.868304e+000,-1.581161e-013,7.352570e+001,-6.868304e+000,-1.214554e-011,1.338729e+000,1.197648e-011
1.766667e+000,-1.422213e-013,7.352481e+001,-6.866300e+000,-1.422213e-013,7.352481e+001,-6.866300e+000,-1.240955e-011,1.362305e+000,1.230432e-011
1.783333e+000,-1.261154e-013,7.352393e+001,-6.864304e+000,-1.261154e-013,7.352393e+001,-6.864304e+000,-1.213753e-011,1.385768e+000,1.209597e-011
1.800000e+000,-1.097332e-013,7.352306e+001,-6.862316e+000,-1.097332e-013,7.352306e+001,-6.862316e+000,-1.187340e-011,1.409118e+000,1.189551e-011
1.816667e+000,-9.300473e-014,7.352219e+001,-6.860337e+000,-9.300473e-014,7.352219e+001,-6.860337e+000,-1.212552e-011,1.432356e+000,1.221146e-011
1.833333e+000,-7.606866e-014,7.352133e+001,-6.858366e+000,-7.606866e-014,7.352133e+001,-6.858366e+000,-1.186781e-011,1.455482e+000,1.201743e-011
1.850000e+000,-5.598722e-014,7.352047e+001,-6.856404e+000,-5.598722e-014,7.352047e+001,-6.856404e+000,-1.209726e-011,1.478495e+000,1.232344e-011
1.866667e+000,-3.850223e-014,7.351962e+001,-6.854450e+000,-3.850223e-014,7.351962e+001,-6.854450e+000,-1.184560e-011,1.501396e+000,1.213546e-011
1.883333e+000,-3.059060e-014,7.351876e+001,-6.852489e+000,-3.059060e-014,7.351876e+001,-6.852489e+000,-1.115880e-011,1.524412e+000,1.147400e-011
1.900000e+000,-2.244617e-014,7.351791e+001,-6.850536e+000,-2.244617e-014,7.351791e+001,-6.850536e+000,-1.096331e-011,1.547334e+000,1.130401e-011
1.916667e+000,-1.421892e-014,7.351706e+001,-6.848590e+000,-1.421892e-014,7.351706e+001,-6.848590e+000,-1.030932e-011,1.570163e+000,1.067535e-011
1.933333e+000,-8.631089e-015,7.351622e+001,-6.846651e+000,-8.631089e-015,7.351622e+001,-6.846651e+000,-9.686657e-012,1.592899e+000,1.006530e-011
1.950000e+000,-8.926404e-017,7.351538e+001,-6.844719e+000,-8.926404e-017,7.351538e+001,-6.844719e+000,-9.068997e-012,1.615542e+000,9.472957e-012
1.966667e+000,5.813233e-015,7.351455e+001,-6.842794e+000,5.813233e-015,7.351455e+001,-6.842794e+000,-8.480942e-012,1.638091e+000,8.897497e-012
1.983333e+000,1.187309e-014,7.351372e+001,-6.840877e+000,1.187309e-014,7.351372e+001,-6.840877e+000,-7.908987e-012,1.660547e+000,8.338130e-012
2.000000e+000,1.809033e-014,7.351290e+001,-6.838966e+000,1.809033e-014,7.351290e+001,-6.838966e+000,-7.352393e-012,1.682909e+000,7.794121e-012
2.016667e+000,2.446497e-014,7.351208e+001,-6.837063e+000,2.446497e-014,7.351208e+001,-6.837063e+000,-6.810468e-012,1.705179e+000,7.264774e-012
2.033333e+000,3.099700e-014,7.351127e+001,-6.835167e+000,3.099700e-014,7.351127e+001,-6.835167e+000,-6.282557e-012,1.727354e+000,6.749437e-012
2.050000e+000,3.489000e-014,7.351046e+001,-6.833278e+000,3.489000e-014,7.351046e+001,-6.833278e+000,-5.780769e-012,1.749437e+000,6.247495e-012
2.066667e+000,4.173692e-014,7.350966e+001,-6.831396e+000,4.173692e-014,7.350966e+001,-6.831396e+000,-5.279078e-012,1.771426e+000,5.758367e-012
2.083333e+000,4.594489e-014,7.350886e+001,-6.829522e+000,4.594489e-014,7.350886e+001,-6.829522e+000,-4.802380e-012,1.793321e+000,5.281506e-012
2.100000e+000,5.022176e-014,7.350806e+001,-6.827654e+000,5.022176e-014,7.350806e+001,-6.827654e+000,-3.935984e-012,1.815124e+000,4.414740e-012
2.116667e+000,5.194741e-014,7.350727e+001,-6.825794e+000,5.194741e-014,7.350727e+001,-6.825794e+000,-3.499775e-012,1.836832e+000,3.965632e-012
2.133333e+000,5.653624e-014,7.350648e+001,-6.823941e+000,5.653624e-014,7.350648e+001,-6.823941e+000,-2.669427e-012,1.858448e+000,3.134897e-012
2.150000e+000,6.137232e-014,7.350570e+001,-6.822095e+000,6.137232e-014,7.350570e+001,-6.822095e+000,-2.245897e-012,1.879970e+000,2.711178e-012
2.166667e+000,6.347694e-014,7.350493e+001,-6.820256e+000,6.347694e-014,7.350493e+001,-6.820256e+000,-1.461570e-012,1.901399e+000,1.913726e-012
2.183333e+000,6.583102e-014,7.350415e+001,-6.818424e+000,6.583102e-014,7.350415e+001,-6.818424e+000,-1.074046e-012,1.922735e+000,1.513278e-012
2.200000e+000,6.824789e-014,7.350339e+001,-6.816600e+000,6.824789e-014,7.350339e+001,-6.816600e+000,-3.205420e-013,1.943977e+000,7.466315e-013
2.216667e+000,7.082040e-014,7.350262e+001,-6.814782e+000,7.082040e-014,7.350262e+001,-6.814782e+000,4.163850e-013,1.965125e+000,-3.448184e-015
2.233333e+000,7.075250e-014,7.350186e+001,-6.812972e+000,7.075250e-014,7.350186e+001,-6.812972e+000,1.124648e-012,1.986181e+000,-7.375957e-013
2.250000e+000,7.307535e-014,7.350110e+001,-6.811164e+000,7.307535e-014,7.350110e+001,-6.811164e+000,1.104230e-012,2.007220e+000,-7.299028e-013
2.266667e+000,7.592943e-014,7.350034e+001,-6.809346e+000,7.592943e-014,7.350034e+001,-6.809346e+000,1.455852e-012,2.028405e+000,-1.081754e-012
2.283333e+000,7.868708e-014,7.349958e+001,-6.807534e+000,7.868708e-014,7.349958e+001,-6.807534e+000,1.800247e-012,2.049523e+000,-1.426382e-012
2.300000e+000,8.144940e-014,7.349882e+001,-6.805727e+000,8.144940e-014,7.349882e+001,-6.805727e+000,1.785778e-012,2.070573e+000,-1.411921e-012
2.316667e+000,8.121934e-014,7.349807e+001,-6.803926e+000,8.121934e-014,7.349807e+001,-6.803926e+000,2.107279e-012,2.091556e+000,-1.746385e-012
2.333333e+000,8.379194e-014,7.349732e+001,-6.802130e+000,8.379194e-014,7.349732e+001,-6.802130e+000,2.090019e-012,2.112471e+000,-1.729135e-012
2.350000e+000,8.616603e-014,7.349657e+001,-6.800339e+000,8.616603e-014,7.349657e+001,-6.800339e+000,2.414681e-012,2.133319e+000,-2.054044e-012
2.366667e+000,8.854889e-014,7.349582e+001,-6.798554e+000,8.854889e-014,7.349582e+001,-6.798554e+000,2.394895e-012,2.154100e+000,-2.034270e-012
2.383333e+000,9.083739e-014,7.349508e+001,-6.796774e+000,9.083739e-014,7.349508e+001,-6.796774e+000,2.375549e-012,2.174814e+000,-2.014937e-012
2.400000e+000,9.292436e-014,7.349434e+001,-6.794999e+000,9.292436e-014,7.349434e+001,-6.794999e+000,2.688482e-012,2.195460e+000,-2.328127e-012
2.416667e+000,9.222747e-014,7.349361e+001,-6.793230e+000,9.222747e-014,7.349361e+001,-6.793230e+000,2.654168e-012,2.216039e+000,-2.306549e-012
2.433333e+000,9.423194e-014,7.349288e+001,-6.791466e+000,9.423194e-014,7.349288e+001,-6.791466e+000,2.633041e-012,2.236551e+000,-2.285437e-012
2.450000e+000,9.603187e-014,7.349215e+001,-6.789707e+000,9.603187e-014,7.349215e+001,-6.789707e+000,2.935163e-012,2.256995e+000,-2.587824e-012
2.466667e+000,9.505108e-014,7.349142e+001,-6.787954e+000,9.505108e-014,7.349142e+001,-6.787954e+000,2.899311e-012,2.277372e+000,-2.564711e-012
2.483333e+000,9.677153e-014,7.349070e+001,-6.786207e+000,9.677153e-014,7.349070e+001,-6.786207e+000,2.876666e-012,2.297682e+000,-2.542083e-012
2.500000e+000,9.839763e-014,7.348998e+001,-6.784464e+000,9.839763e-014,7.348998e+001,-6.784464e+000,2.854490e-012,2.317925e+000,-2.519924e-012
2.516667e+000,9.713395e-014,7.348926e+001,-6.782727e+000,9.713395e-014,7.348926e+001,-6.782727e+000,2.820048e-012,2.338100e+000,-2.498221e-012
2.533333e+000,9.857139e-014,7.348855e+001,-6.780996e+000,9.857139e-014,7.348855e+001,-6.780996e+000,2.798770e-012,2.358208e+000,-2.476960e-012
2.550000e+000,9.711913e-014,7.348784e+001,-6.779269e+000,9.711913e-014,7.348784e+001,-6.779269e+000,2.765199e-012,2.378248e+000,-2.456128e-012
2.566667e+000,9.836792e-014,7.348713e+001,-6.777549e+000,9.836792e-014,7.348713e+001,-6.777549e+000,2.744767e-012,2.398221e+000,-2.435712e-012
2.583333e+000,9.672708e-014,7.348642e+001,-6.775833e+000,9.672708e-014,7.348642e+001,-6.775833e+000,2.712017e-012,2.418127e+000,-2.415701e-012
2.600000e+000,9.790621e-014,7.348572e+001,-6.774123e+000,9.790621e-014,7.348572e+001,-6.774123e+000,2.393572e-012,2.437966e+000,-2.097001e-012
2.616667e+000,9.607776e-014,7.348502e+001,-6.772418e+000,9.607776e-014,7.348502e+001,-6.772418e+000,2.364004e-012,2.457737e+000,-2.080169e-012
2.633333e+000,9.415502e-014,7.348432e+001,-6.770715e+000,9.415502e-014,7.348432e+001,-6.770715e+000,2.334710e-012,2.477501e+000,-2.063612e-012
2.650000e+000,9.505499e-014,7.348362e+001,-6.769015e+000,9.505499e-014,7.348362e+001,-6.769015e+000,2.026696e-012,2.497262e+000,-1.755335e-012
2.666667e+000,9.294461e-014,7.348293e+001,-6.767318e+000,9.294461e-014,7.348293e+001,-6.767318e+000,2.000256e-012,2.516966e+000,-1.741629e-012
2.683333e+000,9.073995e-014,7.348223e+001,-6.765627e+000,9.073995e-014,7.348223e+001,-6.765627e+000,1.974068e-012,2.536612e+000,-1.728174e-012
2.700000e+000,9.136077e-014,7.348154e+001,-6.763941e+000,9.136077e-014,7.348154e+001,-6.763941e+000,1.675874e-012,2.556201e+000,-1.429709e-012
2.716667e+000,8.896847e-014,7.348085e+001,-6.762259e+000,8.896847e-014,7.348085e+001,-6.762259e+000,1.652334e-012,2.575733e+000,-1.418901e-012
2.733333e+000,8.660858e-014,7.348016e+001,-6.760582e+000,8.660858e-014,7.348016e+001,-6.760582e+000,1.348304e-012,2.595207e+000,-1.127314e-012
2.750000e+000,8.415631e-014,7.347948e+001,-6.758910e+000,8.415631e-014,7.347948e+001,-6.758910e+000,1.048637e-012,2.614624e+000,-8.400867e-013
2.766667e+000,8.427788e-014,7.347879e+001,-6.757243e+000,8.427788e-014,7.347879e+001,-6.757243e+000,1.042486e-012,2.633984e+000,-8.339410e-013
2.783333e+000,8.163984e-014,7.347811e+001,-6.755581e+000,8.163984e-014,7.347811e+001,-6.755581e+000,7.491895e-013,2.653287e+000,-5.530775e-013
2.800000e+000,7.890940e-014,7.347743e+001,-6.753923e+000,7.890940e-014,7.347743e+001,-6.753923e+000,4.599576e-013,2.672532e+000,-2.762741e-013
2.816667e+000,7.595517e-014,7.347676e+001,-6.752271e+000,7.595517e-014,7.347676e+001,-6.752271e+000,4.452902e-013,2.691720e+000,-2.743299e-013
2.833333e+000,7.303897e-014,7.347608e+001,-6.750623e+000,7.303897e-014,7.347608e+001,-6.750623e+000,1.619635e-013,2.710851e+000,-3.425343e-015
2.850000e+000,7.003035e-014,7.347541e+001,-6.748980e+000,7.003035e-014,7.347541e+001,-6.748980e+000,-1.175706e-013,2.729924e+000,2.636908e-013
2.866667e+000,6.692930e-014,7.347474e+001,-6.747341e+000,6.692930e-014,7.347474e+001,-6.747341e+000,-3.934076e-013,2.748940e+000,5.271142e-013
2.883333e+000,6.373581e-014,7.347407e+001,-6.745708e+000,6.373581e-014,7.347407e+001,-6.745708e+000,-6.656401e-013,2.767899e+000,7.869372e-013
2.900000e+000,6.044988e-014,7.347341e+001,-6.744079e+000,6.044988e-014,7.347341e+001,-6.744079e+000,-9.343576e-013,2.786801e+000,1.043249e-012
2.916667e+000,5.707149e-014,7.347275e+001,-6.742456e+000,5.707149e-014,7.347275e+001,-6.742456e+000,-1.199647e-012,2.805645e+000,1.296137e-012
2.933333e+000,5.360064e-014,7.347209e+001,-6.740837e+000,5.360064e-014,7.347209e+001,-6.740837e+000,-1.461592e-012,2.824432e+000,1.545685e-012
2.950000e+000,5.003733e-014,7.347143e+001,-6.739222e+000,5.003733e-014,7.347143e+001,-6.739222e+000,-1.720274e-012,2.843162e+000,1.791974e-012
2.966667e+000,4.638154e-014,7.347077e+001,-6.737613e+000,4.638154e-014,7.347077e+001,-6.737613e+000,-1.975771e-012,2.861835e+000,2.035083e-012
2.983333e+000,3.983903e-014,7.347012e+001,-6.736009e+000,3.983903e-014,7.347012e+001,-6.736009e+000,-2.240883e-012,2.880450e+000,2.275088e-012
3.000000e+000,3.613981e-014,7.346946e+001,-6.734409e+000,3.613981e-014,7.346946e+001,-6.734409e+000,-2.741466e-012,2.899008e+000,2.763612e-012
3.016667e+000,3.501258e-014,7.346947e+001,-6.735458e+000,3.501258e-014,7.346947e+001,-6.735458e+000,-3.003254e-012,2.888904e+000,3.025708e-012
3.033333e+000,3.122199e-014,7.346981e+001,-6.737298e+000,3.122199e-014,7.346981e+001,-6.737298e+000,-3.543537e-012,2.869952e+000,3.553880e-012
3.050000e+000,2.742751e-014,7.347029e+001,-6.739103e+000,2.742751e-014,7.347029e+001,-6.739103e+000,-4.091056e-012,2.850852e+000,4.089279e-012
3.066667e+000,2.349114e-014,7.347086e+001,-6.740827e+000,2.349114e-014,7.347086e+001,-6.740827e+000,-4.388299e-012,2.831946e+000,4.374079e-012
3.083333e+000,1.969008e-014,7.347149e+001,-6.742494e+000,1.969008e-014,7.347149e+001,-6.742494e+000,-4.948421e-012,2.812964e+000,4.922067e-012
3.100000e+000,1.574885e-014,7.347212e+001,-6.744160e+000,1.574885e-014,7.347212e+001,-6.744160e+000,-5.255306e-012,2.793982e+000,5.216499e-012
3.116667e+000,1.180567e-014,7.347276e+001,-6.745826e+000,1.180567e-014,7.347276e+001,-6.745826e+000,-5.566221e-012,2.775000e+000,5.514956e-012
3.133333e+000,7.994994e-015,7.347340e+001,-6.747490e+000,7.994994e-015,7.347340e+001,-6.747490e+000,-6.145704e-012,2.755940e+000,6.082284e-012
3.150000e+000,4.046808e-015,7.347406e+001,-6.749152e+000,4.046808e-015,7.347406e+001,-6.749152e+000,-6.467171e-012,2.736789e+000,6.391282e-012
3.166667e+000,-2.565297e-015,7.347472e+001,-6.750813e+000,-2.565297e-015,7.347472e+001,-6.750813e+000,-7.073736e-012,2.717638e+000,6.972954e-012
3.183333e+000,-6.518373e-015,7.347539e+001,-6.752474e+000,-6.518373e-015,7.347539e+001,-6.752474e+000,-7.405913e-012,2.698487e+000,7.292652e-012
3.200000e+000,-1.047386e-014,7.347606e+001,-6.754153e+000,-1.047386e-014,7.347606e+001,-6.754153e+000,-7.743591e-012,2.679010e+000,7.617845e-012
3.216667e+000,-1.430112e-014,7.347673e+001,-6.755817e+000,-1.430112e-014,7.347673e+001,-6.755817e+000,-8.359104e-012,2.659796e+000,8.221166e-012
3.233333e+000,-1.826118e-014,7.347740e+001,-6.757484e+000,-1.826118e-014,7.347740e+001,-6.757484e+000,-8.707700e-012,2.640535e+000,8.557268e-012
3.250000e+000,-2.222329e-014,7.347807e+001,-6.759155e+000,-2.222329e-014,7.347807e+001,-6.759155e+000,-9.061433e-012,2.621216e+000,8.898503e-012
3.266667e+000,-2.898241e-014,7.347874e+001,-6.760836e+000,-2.898241e-014,7.347874e+001,-6.760836e+000,-9.433286e-012,2.601805e+000,9.245129e-012
3.283333e+000,-3.294875e-014,7.347942e+001,-6.762520e+000,-3.294875e-014,7.347942e+001,-6.762520e+000,-9.797839e-012,2.582337e+000,9.597174e-012
3.300000e+000,-3.679208e-014,7.348010e+001,-6.764209e+000,-3.679208e-014,7.348010e+001,-6.764209e+000,-1.045220e-011,2.562813e+000,1.023930e-011
3.316667e+000,-4.076355e-014,7.348078e+001,-6.765902e+000,-4.076355e-014,7.348078e+001,-6.765902e+000,-1.083023e-011,2.543232e+000,1.060482e-011
3.333333e+000,-4.753217e-014,7.348147e+001,-6.767598e+000,-4.753217e-014,7.348147e+001,-6.767598e+000,-1.122691e-011,2.523595e+000,1.097625e-011
3.350000e+000,-5.150789e-014,7.348215e+001,-6.769299e+000,-5.150789e-014,7.348215e+001,-6.769299e+000,-1.161695e-011,2.503902e+000,1.135376e-011
3.366667e+000,-5.536445e-014,7.348284e+001,-6.771003e+000,-5.536445e-014,7.348284e+001,-6.771003e+000,-1.230649e-011,2.484152e+000,1.203105e-011
3.383333e+000,-5.934537e-014,7.348354e+001,-6.772711e+000,-5.934537e-014,7.348354e+001,-6.772711e+000,-1.271157e-011,2.464345e+000,1.242359e-011
3.400000e+000,-6.332841e-014,7.348423e+001,-6.774424e+000,-6.332841e-014,7.348423e+001,-6.774424e+000,-1.312332e-011,2.444483e+000,1.282279e-011
3.416667e+000,-6.999050e-014,7.348493e+001,-6.776140e+000,-6.999050e-014,7.348493e+001,-6.776140e+000,-1.385510e-011,2.424563e+000,1.352957e-011
3.433333e+000,-7.458980e-014,7.348563e+001,-6.777862e+000,-7.458980e-014,7.348563e+001,-6.777862e+000,-1.398021e-011,2.404599e+000,1.364186e-011
3.450000e+000,-7.927288e-014,7.348633e+001,-6.779589e+000,-7.927288e-014,7.348633e+001,-6.779589e+000,-1.471850e-011,2.384587e+000,1.436785e-011
3.466667e+000,-8.420090e-014,7.348703e+001,-6.781321e+000,-8.420090e-014,7.348703e+001,-6.781321e+000,-1.516132e-011,2.364520e+000,1.479811e-011
3.483333e+000,-9.205191e-014,7.348774e+001,-6.783056e+000,-9.205191e-014,7.348774e+001,-6.783056e+000,-1.562458e-011,2.344401e+000,1.523607e-011
3.500000e+000,-9.712166e-014,7.348844e+001,-6.784797e+000,-9.712166e-014,7.348844e+001,-6.784797e+000,-1.639651e-011,2.324228e+000,1.599568e-011
3.516667e+000,-1.024334e-013,7.348915e+001,-6.786541e+000,-1.024334e-013,7.348915e+001,-6.786541e+000,-1.686593e-011,2.304001e+000,1.645252e-011
3.533333e+000,-1.078728e-013,7.348986e+001,-6.788290e+000,-1.078728e-013,7.348986e+001,-6.788290e+000,-1.734384e-011,2.283721e+000,1.691784e-011
3.550000e+000,-1.162353e-013,7.349058e+001,-6.790044e+000,-1.162353e-013,7.349058e+001,-6.790044e+000,-1.784322e-011,2.263388e+000,1.739191e-011
3.566667e+000,-1.218205e-013,7.349129e+001,-6.791801e+000,-1.218205e-013,7.349129e+001,-6.791801e+000,-1.866372e-011,2.243001e+000,1.820006e-011
3.583333e+000,-1.276437e-013,7.349201e+001,-6.793564e+000,-1.276437e-013,7.349201e+001,-6.793564e+000,-1.917170e-011,2.222561e+000,1.869544e-011
3.600000e+000,-1.337021e-013,7.349273e+001,-6.795331e+000,-1.337021e-013,7.349273e+001,-6.795331e+000,-1.935853e-011,2.202062e+000,1.886942e-011
3.616667e+000,-1.427883e-013,7.349346e+001,-6.797105e+000,-1.427883e-013,7.349346e+001,-6.797105e+000,-1.922809e-011,2.181481e+000,1.871316e-011
3.633333e+000,-1.493081e-013,7.349418e+001,-6.798884e+000,-1.493081e-013,7.349418e+001,-6.798884e+000,-1.874529e-011,2.160840e+000,1.821703e-011
3.650000e+000,-1.559494e-013,7.349491e+001,-6.800669e+000,-1.559494e-013,7.349491e+001,-6.800669e+000,-1.825340e-011,2.140141e+000,1.771182e-011
3.666667e+000,-1.628157e-013,7.349564e+001,-6.802458e+000,-1.628157e-013,7.349564e+001,-6.802458e+000,-1.740834e-011,2.119382e+000,1.685321e-011
3.683333e+000,-1.725975e-013,7.349638e+001,-6.804252e+000,-1.725975e-013,7.349638e+001,-6.804252e+000,-1.655947e-011,2.098564e+000,1.597808e-011
3.700000e+000,-1.798044e-013,7.349711e+001,-6.806051e+000,-1.798044e-013,7.349711e+001,-6.806051e+000,-1.533008e-011,2.077687e+000,1.473494e-011
3.716667e+000,-1.872291e-013,7.349785e+001,-6.807855e+000,-1.872291e-013,7.349785e+001,-6.807855e+000,-1.372158e-011,2.056751e+000,1.311247e-011
3.733333e+000,-1.946697e-013,7.349859e+001,-6.809665e+000,-1.946697e-013,7.349859e+001,-6.809665e+000,-1.243795e-011,2.035756e+000,1.181513e-011
3.750000e+000,-2.023261e-013,7.349934e+001,-6.811479e+000,-2.023261e-013,7.349934e+001,-6.811479e+000,-1.076593e-011,2.014701e+000,1.012919e-011
3.766667e+000,-2.129911e-013,7.350009e+001,-6.813298e+000,-2.129911e-013,7.350009e+001,-6.813298e+000,-8.705771e-012,1.993588e+000,8.042190e-012
3.783333e+000,-2.199620e-013,7.350084e+001,-6.815123e+000,-2.199620e-013,7.350084e+001,-6.815123e+000,-7.696728e-012,1.972387e+000,7.019716e-012
3.800000e+000,-2.264456e-013,7.350159e+001,-6.816956e+000,-2.264456e-013,7.350159e+001,-6.816956e+000,-7.039157e-012,1.951107e+000,6.348943e-012
3.816667e+000,-2.327646e-013,7.350235e+001,-6.818793e+000,-2.327646e-013,7.350235e+001,-6.818793e+000,-6.744574e-012,1.929760e+000,6.041382e-012
3.833333e+000,-2.418113e-013,7.350311e+001,-6.820637e+000,-2.418113e-013,7.350311e+001,-6.820637e+000,-6.456032e-012,1.908347e+000,5.727144e-012
3.850000e+000,-2.479934e-013,7.350387e+001,-6.822485e+000,-2.479934e-013,7.350387e+001,-6.822485e+000,-6.147825e-012,1.886868e+000,5.405968e-012
3.866667e+000,-2.541071e-013,7.350464e+001,-6.824339e+000,-2.541071e-013,7.350464e+001,-6.824339e+000,-5.832401e-012,1.865321e+000,5.077580e-012
3.883333e+000,-2.600623e-013,7.350540e+001,-6.826199e+000,-2.600623e-013,7.350540e+001,-6.826199e+000,-5.904697e-012,1.843709e+000,5.137121e-012
3.900000e+000,-2.687475e-013,7.350618e+001,-6.828064e+000,-2.687475e-013,7.350618e+001,-6.828064e+000,-5.991317e-012,1.822029e+000,5.198265e-012
3.916667e+000,-2.744821e-013,7.350695e+001,-6.829934e+000,-2.744821e-013,7.350695e+001,-6.829934e+000,-6.471647e-012,1.800283e+000,5.666040e-012
3.933333e+000,-2.802393e-013,7.350773e+001,-6.831810e+000,-2.802393e-013,7.350773e+001,-6.831810e+000,-6.553917e-012,1.778470e+000,5.735552e-012
3.950000e+000,-2.830356e-013,7.350851e+001,-6.833695e+000,-2.830356e-013,7.350851e+001,-6.833695e+000,-6.625573e-012,1.756542e+000,5.807173e-012
3.966667e+000,-2.881934e-013,7.350931e+001,-6.835604e+000,-2.881934e-013,7.350931e+001,-6.835604e+000,-5.872542e-012,1.734279e+000,5.040998e-012
3.983333e+000,-2.905368e-013,7.351011e+001,-6.837520e+000,-2.905368e-013,7.351011e+001,-6.837520e+000,-4.661397e-012,1.711934e+000,3.829252e-012
4.000000e+000,-2.954903e-013,7.351091e+001,-6.839442e+000,-2.954903e-013,7.351091e+001,-6.839442e+000,-3.862364e-012,1.689506e+000,3.017097e-012
4.016667e+000,-2.975455e-013,7.351172e+001,-6.841370e+000,-2.975455e-013,7.351172e+001,-6.841370e+000,-3.028861e-012,1.666997e+000,2.183206e-012
4.033333e+000,-2.994990e-013,7.351253e+001,-6.843305e+000,-2.994990e-013,7.351253e+001,-6.843305e+000,-2.172594e-012,1.644406e+000,1.326559e-012
4.050000e+000,-3.040682e-013,7.351335e+001,-6.845247e+000,-3.040682e-013,7.351335e+001,-6.845247e+000,-1.754559e-012,1.621733e+000,8.956127e-013
4.066667e+000,-3.058193e-013,7.351417e+001,-6.847195e+000,-3.058193e-013,7.351417e+001,-6.847195e+000,-8.558481e-013,1.598977e+000,-3.459397e-015
4.083333e+000,-3.074685e-013,7.351499e+001,-6.849150e+000,-3.074685e-013,7.351499e+001,-6.849150e+000,6.887301e-014,1.576140e+000,-9.285318e-013
4.100000e+000,-3.117368e-013,7.351581e+001,-6.851111e+000,-3.117368e-013,7.351581e+001,-6.851111e+000,5.389890e-013,1.553221e+000,-1.411539e-012
4.116667e+000,-3.131087e-013,7.351665e+001,-6.853079e+000,-3.131087e-013,7.351665e+001,-6.853079e+000,1.036399e-012,1.530220e+000,-1.909113e-012
4.133333e+000,-3.143810e-013,7.351748e+001,-6.855053e+000,-3.143810e-013,7.351748e+001,-6.855053e+000,1.549129e-012,1.507136e+000,-2.422001e-012
4.150000e+000,-3.155537e-013,7.351832e+001,-6.857034e+000,-3.155537e-013,7.351832e+001,-6.857034e+000,2.077979e-012,1.483971e+000,-2.951004e-012
4.166667e+000,-3.166267e-013,7.351916e+001,-6.859022e+000,-3.166267e-013,7.351916e+001,-6.859022e+000,2.623805e-012,1.460723e+000,-3.496978e-012
4.183333e+000,-3.176000e-013,7.352001e+001,-6.861016e+000,-3.176000e-013,7.352001e+001,-6.861016e+000,3.187524e-012,1.437394e+000,-4.060840e-012
4.200000e+000,-3.184736e-013,7.352086e+001,-6.863016e+000,-3.184736e-013,7.352086e+001,-6.863016e+000,3.770118e-012,1.413983e+000,-4.643572e-012
4.216667e+000,-3.191797e-013,7.352171e+001,-6.865023e+000,-3.191797e-013,7.352171e+001,-6.865023e+000,3.848524e-012,1.390489e+000,-4.721956e-012
4.233333e+000,-3.198550e-013,7.352257e+001,-6.867037e+000,-3.198550e-013,7.352257e+001,-6.867037e+000,4.463077e-012,1.366914e+000,-5.336639e-012
4.250000e+000,-3.203651e-013,7.352344e+001,-6.869057e+000,-3.203651e-013,7.352344e+001,-6.869057e+000,4.557013e-012,1.343256e+000,-5.430550e-012
4.266667e+000,-3.207777e-013,7.352430e+001,-6.871084e+000,-3.207777e-013,7.352430e+001,-6.871084e+000,4.654660e-012,1.319517e+000,-5.528172e-012
4.283333e+000,-3.210929e-013,7.352517e+001,-6.873117e+000,-3.210929e-013,7.352517e+001,-6.873117e+000,4.756240e-012,1.295695e+000,-5.629727e-012
4.300000e+000,-3.213107e-013,7.352605e+001,-6.875157e+000,-3.213107e-013,7.352605e+001,-6.875157e+000,4.861994e-012,1.271792e+000,-5.735456e-012
4.316667e+000,-3.214311e-013,7.352693e+001,-6.877203e+000,-3.214311e-013,7.352693e+001,-6.877203e+000,4.972184e-012,1.247806e+000,-5.845620e-012
4.333333e+000,-3.214541e-013,7.352781e+001,-6.879256e+000,-3.214541e-013,7.352781e+001,-6.879256e+000,5.087091e-012,1.223739e+000,-5.960502e-012
4.350000e+000,-3.185239e-013,7.352870e+001,-6.881316e+000,-3.185239e-013,7.352870e+001,-6.881316e+000,4.612185e-012,1.199589e+000,-5.472715e-012
4.366667e+000,-3.183532e-013,7.352959e+001,-6.883382e+000,-3.183532e-013,7.352959e+001,-6.883382e+000,4.724948e-012,1.175357e+000,-5.585456e-012
4.383333e+000,-3.180288e-013,7.353049e+001,-6.885454e+000,-3.180288e-013,7.353049e+001,-6.885454e+000,4.209672e-012,1.151044e+000,-5.070029e-012
4.400000e+000,-3.148122e-013,7.353139e+001,-6.887533e+000,-3.148122e-013,7.353139e+001,-6.887533e+000,3.685202e-012,1.126648e+000,-4.532692e-012
4.416667e+000,-3.142978e-013,7.353230e+001,-6.889619e+000,-3.142978e-013,7.353230e+001,-6.889619e+000,3.124519e-012,1.102170e+000,-3.971869e-012
4.433333e+000,-3.136884e-013,7.353321e+001,-6.891711e+000,-3.136884e-013,7.353321e+001,-6.891711e+000,2.538615e-012,1.077611e+000,-3.385830e-012
4.450000e+000,-3.101867e-013,7.353412e+001,-6.893810e+000,-3.101867e-013,7.353412e+001,-6.893810e+000,1.938312e-012,1.052969e+000,-2.772676e-012
4.466667e+000,-3.093872e-013,7.353504e+001,-6.895915e+000,-3.093872e-013,7.353504e+001,-6.895915e+000,1.296069e-012,1.028245e+000,-2.130310e-012
4.483333e+000,-3.056955e-013,7.353596e+001,-6.898027e+000,-3.056955e-013,7.353596e+001,-6.898027e+000,6.350135e-013,1.003440e+000,-1.456414e-012
4.500000e+000,-3.046583e-013,7.353689e+001,-6.900146e+000,-3.046583e-013,7.353689e+001,-6.900146e+000,-8.177004e-013,9.785518e-001,-3.478394e-015
4.516667e+000,-3.007778e-013,7.353782e+001,-6.902271e+000,-3.007778e-013,7.353782e+001,-6.902271e+000,-1.569320e-012,9.535820e-001,7.609680e-013
4.533333e+000,-2.967570e-013,7.353876e+001,-6.904402e+000,-2.967570e-013,7.353876e+001,-6.904402e+000,-3.147159e-012,9.285303e-001,2.351730e-012
4.550000e+000,-2.954411e-013,7.353970e+001,-6.906540e+000,-2.954411e-013,7.353970e+001,-6.906540e+000,-4.826307e-012,9.033964e-001,4.031069e-012
4.566667e+000,-2.912353e-013,7.354064e+001,-6.908685e+000,-2.912353e-013,7.354064e+001,-6.908685e+000,-6.589397e-012,8.781806e-001,5.807061e-012
4.583333e+000,-2.869371e-013,7.354159e+001,-6.910836e+000,-2.869371e-013,7.354159e+001,-6.910836e+000,-8.458236e-012,8.528828e-001,7.688791e-012
4.600000e+000,-2.853439e-013,7.354255e+001,-6.912994e+000,-2.853439e-013,7.354255e+001,-6.912994e+000,-1.045580e-011,8.275029e-001,9.686516e-012
4.616667e+000,-2.809311e-013,7.354352e+001,-6.915187e+000,-2.809311e-013,7.354352e+001,-6.915187e+000,-1.257391e-011,8.016593e-001,1.181749e-011
4.633333e+000,-2.766762e-013,7.354453e+001,-6.917460e+000,-2.766762e-013,7.354453e+001,-6.917460e+000,-1.297120e-011,7.747862e-001,1.222747e-011
4.650000e+000,-2.723068e-013,7.354554e+001,-6.919747e+000,-2.723068e-013,7.354554e+001,-6.919747e+000,-1.437594e-011,7.477261e-001,1.364496e-011
4.666667e+000,-2.706947e-013,7.354657e+001,-6.922049e+000,-2.706947e-013,7.354657e+001,-6.922049e+000,-1.489211e-011,7.204789e-001,1.416109e-011
4.683333e+000,-2.662071e-013,7.354760e+001,-6.924366e+000,-2.662071e-013,7.354760e+001,-6.924366e+000,-1.544011e-011,6.930446e-001,1.472177e-011
4.700000e+000,-2.616415e-013,7.354864e+001,-6.926697e+000,-2.616415e-013,7.354864e+001,-6.926697e+000,-1.603864e-011,6.654232e-001,1.533298e-011
4.716667e+000,-2.569978e-013,7.354969e+001,-6.929043e+000,-2.569978e-013,7.354969e+001,-6.929043e+000,-1.669481e-011,6.376147e-001,1.600182e-011
4.733333e+000,-2.522464e-013,7.355075e+001,-6.931403e+000,-2.522464e-013,7.355075e+001,-6.931403e+000,-1.861278e-011,6.096192e-001,1.793254e-011
4.750000e+000,-2.474482e-013,7.355182e+001,-6.933778e+000,-2.474482e-013,7.355182e+001,-6.933778e+000,-1.946944e-011,5.814366e-001,1.880188e-011
4.766667e+000,-2.425719e-013,7.355290e+001,-6.936168e+000,-2.425719e-013,7.355290e+001,-6.936168e+000,-2.042136e-011,5.530670e-001,1.976647e-011
4.783333e+000,-2.348456e-013,7.355398e+001,-6.938572e+000,-2.348456e-013,7.355398e+001,-6.938572e+000,-2.008261e-011,5.245102e-001,1.945305e-011
4.800000e+000,-2.298119e-013,7.355507e+001,-6.940991e+000,-2.298119e-013,7.355507e+001,-6.940991e+000,-2.119796e-011,4.957664e-001,2.058108e-011
4.816667e+000,-2.247002e-013,7.355618e+001,-6.943424e+000,-2.247002e-013,7.355618e+001,-6.943424e+000,-2.246093e-011,4.668355e-001,2.185672e-011
4.833333e+000,-2.195105e-013,7.355729e+001,-6.945872e+000,-2.195105e-013,7.355729e+001,-6.945872e+000,-2.390241e-011,4.377175e-001,2.331088e-011
4.850000e+000,-2.142427e-013,7.355841e+001,-6.948335e+000,-2.142427e-013,7.355841e+001,-6.948335e+000,-2.556260e-011,4.084125e-001,2.498374e-011
4.866667e+000,-2.061178e-013,7.355954e+001,-6.950812e+000,-2.061178e-013,7.355954e+001,-6.950812e+000,-2.555830e-011,3.789203e-001,2.500480e-011
4.883333e+000,-2.006927e-013,7.356068e+001,-6.953304e+000,-2.006927e-013,7.356068e+001,-6.953304e+000,-2.767085e-011,3.492412e-001,2.713002e-011
4.900000e+000,-1.951895e-013,7.356183e+001,-6.955811e+000,-1.951895e-013,7.356183e+001,-6.955811e+000,-3.019552e-011,3.193749e-001,2.966738e-011
4.916667e+000,-1.868247e-013,7.356299e+001,-6.958332e+000,-1.868247e-013,7.356299e+001,-6.958332e+000,-3.073274e-011,2.893215e-001,3.022996e-011
4.933333e+000,-1.811640e-013,7.356416e+001,-6.960868e+000,-1.811640e-013,7.356416e+001,-6.960868e+000,-3.424893e-011,2.590811e-001,3.375883e-011
4.950000e+000,-1.726388e-013,7.356534e+001,-6.963418e+000,-1.726388e-013,7.356534e+001,-6.963418e+000,-3.552844e-011,2.286536e-001,3.506371e-011
4.966667e+000,-1.668206e-013,7.356652e+001,-6.965983e+000,-1.668206e-013,7.356652e+001,-6.965983e+000,-4.093671e-011,1.980390e-001,4.048467e-011
4.983333e+000,-1.581348e-013,7.356772e+001,-6.968563e+000,-1.581348e-013,7.356772e+001,-6.968563e+000,-4.400972e-011,1.672374e-001,4.358307e-011
5.000000e+000,-1.521657e-013,7.356893e+001,-6.971157e+000,-1.521657e-013,7.356893e+001,-6.971157e+000,-4.856046e-011,1.362487e-001,4.814648e-011
5.016667e+000,-1.436064e-013,7.357017e+001,-6.973860e+000,-1.436064e-013,7.357017e+001,-6.973860e+000,-5.653539e-011,1.038541e-001,5.614681e-011
5.033333e+000,-1.352035e-013,7.357144e+001,-6.976655e+000,-1.352035e-013,7.357144e+001,-6.976655e+000,-8.336423e-011,7.025441e-002,8.300106e-011
5.050000e+000,-1.295871e-013,7.357273e+001,-6.979486e+000,-1.295871e-013,7.357273e+001,-6.979486e+000,-1.413275e-010,3.619298e-002,1.409770e-010
5.066667e+000,-1.211566e-013,7.357403e+001,-6.982353e+000,-1.211566e-013,7.357403e+001,-6.982353e+000,-2.619577e-009,1.669778e-003,2.619252e-009
5.083333e+000,-1.127097e-013,7.357535e+001,-6.985256e+000,-1.127097e-013,7.357535e+001,-6.985256e+000,-1.800000e+002,3.331519e-002,1.800000e+002
5.100000e+000,-1.042462e-013,7.357669e+001,-6.988195e+000,-1.042462e-013,7.357669e+001,-6.988195e+000,-1.800000e+002,6.876194e-002,1.800000e+002
5.116667e+000,-9.856403e-014,7.357804e+001,-6.991169e+000,-9.856403e-014,7.357804e+001,-6.991169e+000,-1.800000e+002,1.046705e-001,1.800000e+002
5.133333e+000,-9.006745e-014,7.357941e+001,-6.994179e+000,-9.006745e-014,7.357941e+001,-6.994179e+000,-1.800000e+002,1.410407e-001,1.800000e+002
5.150000e+000,-8.155421e-014,7.358080e+001,-6.997225e+000,-8.155421e-014,7.358080e+001,-6.997225e+000,-1.800000e+002,1.778728e-001,1.800000e+002
5.166667e+000,-7.302423e-014,7.358220e+001,-7.000307e+000,-7.302423e-014,7.358220e+001,-7.000307e+000,1.800000e+002,2.151666e-001,1.800000e+002
5.183333e+000,-6.447745e-014,7.358362e+001,-7.003424e+000,-6.447745e-014,7.358362e+001,-7.003424e+000,1.800000e+002,2.529222e-001,-1.800000e+002
5.200000e+000,-5.589961e-014,7.358506e+001,-7.006577e+000,-5.589961e-014,7.358506e+001,-7.006577e+000,1.800000e+002,2.911396e-001,-1.800000e+002
5.216667e+000,-4.731718e-014,7.358652e+001,-7.009766e+000,-4.731718e-014,7.358652e+001,-7.009766e+000,1.800000e+002,3.298188e-001,-1.800000e+002
5.233333e+000,-3.871776e-014,7.358800e+001,-7.012991e+000,-3.871776e-014,7.358800e+001,-7.012991e+000,1.800000e+002,3.689597e-001,-1.800000e+002
5.250000e+000,-3.048308e-014,7.358951e+001,-7.016401e+000,-3.048308e-014,7.358951e+001,-7.016401e+000,1.800000e+002,4.103203e-001,-1.800000e+002
5.266667e+000,-2.274906e-014,7.359107e+001,-7.020033e+000,-2.274906e-014,7.359107e+001,-7.020033e+000,1.800000e+002,4.543308e-001,-1.800000e+002
5.283333e+000,-1.515708e-014,7.359265e+001,-7.023770e+000,-1.515708e-014,7.359265e+001,-7.023770e+000,1.800000e+002,4.996087e-001,-1.800000e+002
5.300000e+000,-7.753497e-015,7.359427e+001,-7.027611e+000,-7.753497e-015,7.359427e+001,-7.027611e+000,1.800000e+002,5.461538e-001,-1.800000e+002
5.316667e+000,2.310657e-015,7.359591e+001,-7.031557e+000,2.310657e-015,7.359591e+001,-7.031557e+000,1.800000e+002,5.939664e-001,-1.800000e+002
5.333333e+000,9.384696e-015,7.359759e+001,-7.035607e+000,9.384696e-015,7.359759e+001,-7.035607e+000,1.800000e+002,6.430462e-001,-1.800000e+002
5.350000e+000,1.632695e-014,7.359929e+001,-7.039761e+000,1.632695e-014,7.359929e+001,-7.039761e+000,1.800000e+002,6.933934e-001,-1.800000e+002
5.366667e+000,2.590629e-014,7.360103e+001,-7.044020e+000,2.590629e-014,7.360103e+001,-7.044020e+000,1.800000e+002,7.450079e-001,-1.800000e+002
5.383333e+000,2.979069e-014,7.360288e+001,-7.049049e+000,2.979069e-014,7.360288e+001,-7.049049e+000,1.800000e+002,8.054692e-001,-1.800000e+002
5.400000e+000,3.928005e-014,7.360477e+001,-7.054270e+000,3.928005e-014,7.360477e+001,-7.054270e+000,1.800000e+002,8.681231e-001,-1.800000e+002
5.416667e+000,4.593848e-014,7.360667e+001,-7.059491e+000,4.593848e-014,7.360667e+001,-7.059491e+000,1.800000e+002,9.307770e-001,-1.800000e+002
5.433333e+000,5.545942e-014,7.360864e+001,-7.065532e+000,5.545942e-014,7.360864e+001,-7.065532e+000,1.800000e+002,1.002515e+000,-1.800000e+002
5.450000e+000,6.220511e-014,7.361068e+001,-7.072169e+000,6.220511e-014,7.361068e+001,-7.072169e+000,1.800000e+002,1.080846e+000,-1.800000e+002
5.466667e+000,6.898120e-014,7.361277e+001,-7.079839e+000,6.898120e-014,7.361277e+001,-7.079839e+000,1.800000e+002,1.170443e+000,-1.800000e+002
5.483333e+000,7.573477e-014,7.361494e+001,-7.088873e+000,7.573477e-014,7.361494e+001,-7.088873e+000,1.800000e+002,1.275529e+000,-1.800000e+002
5.500000e+000,8.261166e-014,7.361723e+001,-7.100371e+000,8.261166e-014,7.361723e+001,-7.100371e+000,1.800000e+002,1.411238e+000,-1.800000e+002
5.516667e+000,1.039009e-013,7.362047e+001,-7.110800e+000,1.039009e-013,7.362047e+001,-7.110800e+000,1.800000e+002,1.539837e+000,-1.800000e+002
5.533333e+000,1.260210e-013,7.362782e+001,-7.119537e+000,1.260210e-013,7.362782e+001,-7.119537e+000,1.800000e+002,1.650560e+000,-1.800000e+002
5.550000e+000,1.508233e-013,7.364102e+001,-7.125957e+000,1.508233e-013,7.364102e+001,-7.125957e+000,1.800000e+002,1.732283e+000,-1.800000e+002
5.566667e+000,1.728934e-013,7.365372e+001,-7.131693e+000,1.728934e-013,7.365372e+001,-7.131693e+000,1.800000e+002,1.796387e+000,-1.800000e+002
5.583333e+000,1.977526e-013,7.366465e+001,-7.137403e+000,1.977526e-013,7.366465e+001,-7.137403e+000,1.800000e+002,1.850274e+000,-1.800000e+002
5.600000e+000,2.169234e-013,7.367318e+001,-7.143218e+000,2.169234e-013,7.367318e+001,-7.143218e+000,1.800000e+002,1.897413e+000,-1.800000e+002
5.616667e+000,2.417826e-013,7.368116e+001,-7.149057e+000,2.417826e-013,7.368116e+001,-7.149057e+000,1.800000e+002,1.942985e+000,-1.800000e+002
5.633333e+000,2.638482e-013,7.368811e+001,-7.154811e+000,2.638482e-013,7.368811e+001,-7.154811e+000,1.800000e+002,1.985713e+000,-1.800000e+002
5.650000e+000,2.859152e-013,7.369399e+001,-7.160476e+000,2.859152e-013,7.369399e+001,-7.160476e+000,1.800000e+002,2.025480e+000,-1.800000e+002
5.666667e+000,3.078874e-013,7.369967e+001,-7.166096e+000,3.078874e-013,7.369967e+001,-7.166096e+000,1.800000e+002,2.064594e+000,-1.800000e+002
5.683333e+000,3.299582e-013,7.370428e+001,-7.171494e+000,3.299582e-013,7.370428e+001,-7.171494e+000,1.800000e+002,2.100480e+000,-1.800000e+002
5.700000e+000,3.548315e-013,7.370890e+001,-7.176893e+000,3.548315e-013,7.370890e+001,-7.176893e+000,1.800000e+002,2.136366e+000,-1.800000e+002
5.716667e+000,3.725068e-013,7.371264e+001,-7.181958e+000,3.725068e-013,7.371264e+001,-7.181958e+000,1.800000e+002,2.169097e+000,-1.800000e+002
5.733333e+000,3.892827e-013,7.371622e+001,-7.186962e+000,3.892827e-013,7.371622e+001,-7.186962e+000,1.800000e+002,2.201257e+000,-1.800000e+002
5.750000e+000,4.061704e-013,7.371981e+001,-7.191967e+000,4.061704e-013,7.371981e+001,-7.191967e+000,1.800000e+002,2.233418e+000,-1.800000e+002
5.766667e+000,4.258597e-013,7.372340e+001,-7.196972e+000,4.258597e-013,7.372340e+001,-7.196972e+000,1.800000e+002,2.265578e+000,-1.800000e+002
5.783333e+000,4.438071e-013,7.372675e+001,-7.201812e+000,4.438071e-013,7.372675e+001,-7.201812e+000,1.800000e+002,2.296483e+000,-1.800000e+002
5.800000e+000,4.632822e-013,7.372975e+001,-7.206411e+000,4.632822e-013,7.372975e+001,-7.206411e+000,1.800000e+002,2.325562e+000,-1.800000e+002
5.816667e+000,4.826478e-013,7.373275e+001,-7.211010e+000,4.826478e-013,7.373275e+001,-7.211010e+000,1.800000e+002,2.354642e+000,-1.800000e+002
5.833333e+000,5.049276e-013,7.373576e+001,-7.215610e+000,5.049276e-013,7.373576e+001,-7.215610e+000,1.800000e+002,2.383721e+000,-1.800000e+002
5.850000e+000,5.244174e-013,7.373877e+001,-7.220210e+000,5.244174e-013,7.373877e+001,-7.220210e+000,1.800000e+002,2.412801e+000,-1.800000e+002
5.866667e+000,5.438959e-013,7.374088e+001,-7.224067e+000,5.438959e-013,7.374088e+001,-7.224067e+000,1.800000e+002,2.436702e+000,-1.800000e+002
5.883333e+000,5.633935e-013,7.374377e+001,-7.228562e+000,5.633935e-013,7.374377e+001,-7.228562e+000,1.800000e+002,2.465045e+000,-1.800000e+002
5.900000e+000,5.855681e-013,7.374657e+001,-7.232984e+000,5.855681e-013,7.374657e+001,-7.232984e+000,1.800000e+002,2.492886e+000,-1.800000e+002
5.916667e+000,6.050713e-013,7.374929e+001,-7.237335e+000,6.050713e-013,7.374929e+001,-7.237335e+000,1.800000e+002,2.520225e+000,-1.800000e+002
5.933333e+000,6.245774e-013,7.375193e+001,-7.241602e+000,6.245774e-013,7.375193e+001,-7.241602e+000,1.800000e+002,2.546993e+000,-1.800000e+002
5.950000e+000,6.440864e-013,7.375448e+001,-7.245783e+000,6.440864e-013,7.375448e+001,-7.245783e+000,1.800000e+002,2.573172e+000,-1.800000e+002
5.966667e+000,6.662662e-013,7.375696e+001,-7.249886e+000,6.662662e-013,7.375696e+001,-7.249886e+000,1.800000e+002,2.598816e+000,-1.800000e+002
5.983333e+000,6.857794e-013,7.375935e+001,-7.253911e+000,6.857794e-013,7.375935e+001,-7.253911e+000,1.800000e+002,2.623926e+000,-1.800000e+002
6.000000e+000,7.052951e-013,7.376165e+001,-7.257859e+000,7.052951e-013,7.376165e+001,-7.257859e+000,1.800000e+002,2.648501e+000,-1.800000e+002
6.016667e+000,7.276079e-013,7.376388e+001,-7.261730e+000,7.276079e-013,7.376388e+001,-7.261730e+000,1.800000e+002,2.672541e+000,-1.800000e+002
6.033333e+000,7.469967e-013,7.376602e+001,-7.265523e+000,7.469967e-013,7.376602e+001,-7.265523e+000,1.800000e+002,2.696046e+000,-1.800000e+002
6.050000e+000,7.666232e-013,7.376809e+001,-7.269252e+000,7.666232e-013,7.376809e+001,-7.269252e+000,1.800000e+002,2.719114e+000,-1.800000e+002
6.066667e+000,7.761549e-013,7.377023e+001,-7.273038e+000,7.761549e-013,7.377023e+001,-7.273038e+000,1.800000e+002,2.742641e+000,-1.800000e+002
6.083333e+000,7.859641e-013,7.377232e+001,-7.276781e+000,7.859641e-013,7.377232e+001,-7.276781e+000,1.800000e+002,2.765887e+000,-1.800000e+002
6.100000e+000,7.931202e-013,7.377437e+001,-7.280481e+000,7.931202e-013,7.377437e+001,-7.280481e+000,1.800000e+002,2.788851e+000,-1.800000e+002
6.116667e+000,7.978942e-013,7.377638e+001,-7.284138e+000,7.978942e-013,7.377638e+001,-7.284138e+000,1.800000e+002,2.811533e+000,-1.800000e+002
6.133333e+000,8.001514e-013,7.377834e+001,-7.287751e+000,8.001514e-013,7.377834e+001,-7.287751e+000,1.800000e+002,2.833933e+000,-1.800000e+002
6.150000e+000,7.998918e-013,7.378025e+001,-7.291321e+000,7.998918e-013,7.378025e+001,-7.291321e+000,1.800000e+002,2.856052e+000,-1.800000e+002
6.166667e+000,7.969749e-013,7.378212e+001,-7.294848e+000,7.969749e-013,7.378212e+001,-7.294848e+000,1.800000e+002,2.877889e+000,-1.800000e+002
6.183333e+000,7.965484e-013,7.378399e+001,-7.298367e+000,7.965484e-013,7.378399e+001,-7.298367e+000,1.800000e+002,2.899663e+000,-1.800000e+002
6.200000e+000,7.942023e-013,7.378586e+001,-7.301869e+000,7.942023e-013,7.378586e+001,-7.301869e+000,1.800000e+002,2.921328e+000,-1.800000e+002
6.216667e+000,7.898214e-013,7.378770e+001,-7.305341e+000,7.898214e-013,7.378770e+001,-7.305341e+000,1.800000e+002,2.942791e+000,-1.800000e+002
6.233333e+000,7.832607e-013,7.378951e+001,-7.308782e+000,7.832607e-013,7.378951e+001,-7.308782e+000,1.800000e+002,2.964053e+000,-1.800000e+002
6.250000e+000,7.776027e-013,7.379130e+001,-7.312193e+000,7.776027e-013,7.379130e+001,-7.312193e+000,1.800000e+002,2.985114e+000,-1.800000e+002
6.266667e+000,7.671156e-013,7.379305e+001,-7.315573e+000,7.671156e-013,7.379305e+001,-7.315573e+000,1.800000e+002,3.005973e+000,-1.800000e+002
6.283333e+000,7.573871e-013,7.379478e+001,-7.318922e+000,7.573871e-013,7.379478e+001,-7.318922e+000,1.800000e+002,3.026630e+000,-1.800000e+002
6.300000e+000,7.493970e-013,7.379649e+001,-7.322246e+000,7.493970e-013,7.379649e+001,-7.322246e+000,1.800000e+002,3.047123e+000,-1.800000e+002
6.316667e+000,7.408877e-013,7.379819e+001,-7.325562e+000,7.408877e-013,7.379819e+001,-7.325562e+000,1.800000e+002,3.067558e+000,-1.800000e+002
6.333333e+000,7.341799e-013,7.379988e+001,-7.328853e+000,7.341799e-013,7.379988e+001,-7.328853e+000,1.800000e+002,3.087832e+000,-1.800000e+002
6.350000e+000,7.267774e-013,7.380154e+001,-7.332119e+000,7.267774e-013,7.380154e+001,-7.332119e+000,1.800000e+002,3.107945e+000,-1.800000e+002
6.366667e+000,7.183749e-013,7.380318e+001,-7.335361e+000,7.183749e-013,7.380318e+001,-7.335361e+000,1.800000e+002,3.127896e+000,-1.800000e+002
6.383333e+000,7.091203e-013,7.380480e+001,-7.338578e+000,7.091203e-013,7.380480e+001,-7.338578e+000,1.800000e+002,3.147687e+000,-1.800000e+002
6.400000e+000,6.988565e-013,7.380639e+001,-7.341771e+000,6.988565e-013,7.380639e+001,-7.341771e+000,1.800000e+002,3.167316e+000,-1.800000e+002
6.416667e+000,6.906824e-013,7.380797e+001,-7.344939e+000,6.906824e-013,7.380797e+001,-7.344939e+000,1.800000e+002,3.186784e+000,-1.800000e+002
6.433333e+000,6.822614e-013,7.380956e+001,-7.348116e+000,6.822614e-013,7.380956e+001,-7.348116e+000,1.800000e+002,3.206313e+000,-1.800000e+002
6.450000e+000,6.711854e-013,7.381114e+001,-7.351279e+000,6.711854e-013,7.381114e+001,-7.351279e+000,1.800000e+002,3.225753e+000,-1.800000e+002
6.466667e+000,6.626213e-013,7.381270e+001,-7.354422e+000,6.626213e-013,7.381270e+001,-7.354422e+000,1.800000e+002,3.245061e+000,-1.800000e+002
6.483333e+000,6.534599e-013,7.381424e+001,-7.357545e+000,6.534599e-013,7.381424e+001,-7.357545e+000,1.800000e+002,3.264234e+000,-1.800000e+002
6.500000e+000,6.438587e-013,7.381576e+001,-7.360647e+000,6.438587e-013,7.381576e+001,-7.360647e+000,1.800000e+002,3.283273e+000,-1.800000e+002
6.516667e+000,6.310247e-013,7.381727e+001,-7.363729e+000,6.310247e-013,7.381727e+001,-7.363729e+000,1.800000e+002,3.302179e+000,-1.800000e+002
6.533333e+000,6.207061e-013,7.381876e+001,-7.366790e+000,6.207061e-013,7.381876e+001,-7.366790e+000,1.800000e+002,3.320951e+000,-1.800000e+002
6.550000e+000,6.097866e-013,7.382024e+001,-7.369831e+000,6.097866e-013,7.382024e+001,-7.369831e+000,1.800000e+002,3.339589e+000,-1.800000e+002
6.566667e+000,6.012203e-013,7.382169e+001,-7.372851e+000,6.012203e-013,7.382169e+001,-7.372851e+000,1.800000e+002,3.358093e+000,-1.800000e+002
6.583333e+000,5.894213e-013,7.382313e+001,-7.375851e+000,5.894213e-013,7.382313e+001,-7.375851e+000,1.800000e+002,3.376463e+000,-1.800000e+002
6.600000e+000,5.771827e-013,7.382455e+001,-7.378830e+000,5.771827e-013,7.382455e+001,-7.378830e+000,1.800000e+002,3.394700e+000,-1.800000e+002
6.616667e+000,5.645043e-013,7.382595e+001,-7.381789e+000,5.645043e-013,7.382595e+001,-7.381789e+000,1.800000e+002,3.412803e+000,-1.800000e+002
6.633333e+000,5.541791e-013,7.382734e+001,-7.384728e+000,5.541791e-013,7.382734e+001,-7.384728e+000,1.800000e+002,3.430771e+000,-1.800000e+002
6.650000e+000,5.406214e-013,7.382870e+001,-7.387646e+000,5.406214e-013,7.382870e+001,-7.387646e+000,1.800000e+002,3.448607e+000,-1.800000e+002
6.666667e+000,5.292476e-013,7.383005e+001,-7.390543e+000,5.292476e-013,7.383005e+001,-7.390543e+000,1.800000e+002,3.466308e+000,-1.800000e+002
6.683333e+000,5.176024e-013,7.383139e+001,-7.393420e+000,5.176024e-013,7.383139e+001,-7.393420e+000,1.800000e+002,3.483875e+000,-1.800000e+002
6.700000e+000,5.027249e-013,7.383270e+001,-7.396277e+000,5.027249e-013,7.383270e+001,-7.396277e+000,1.800000e+002,3.501309e+000,-1.800000e+002
6.716667e+000,4.902005e-013,7.383400e+001,-7.399113e+000,4.902005e-013,7.383400e+001,-7.399113e+000,1.800000e+002,3.518609e+000,-1.800000e+002
6.733333e+000,4.770638e-013,7.383528e+001,-7.401929e+000,4.770638e-013,7.383528e+001,-7.401929e+000,1.800000e+002,3.535775e+000,-1.800000e+002
6.750000e+000,4.677810e-013,7.383659e+001,-7.404778e+000,4.677810e-013,7.383659e+001,-7.404778e+000,1.800000e+002,3.553161e+000,-1.800000e+002
6.766667e+000,4.592416e-013,7.383790e+001,-7.407623e+000,4.592416e-013,7.383790e+001,-7.407623e+000,1.800000e+002,3.570531e+000,-1.800000e+002
6.783333e+000,4.509423e-013,7.383920e+001,-7.410455e+000,4.509423e-013,7.383920e+001,-7.410455e+000,1.800000e+002,3.587810e+000,-1.800000e+002
6.800000e+000,4.425340e-013,7.384049e+001,-7.413272e+000,4.425340e-013,7.384049e+001,-7.413272e+000,1.800000e+002,3.604999e+000,-1.800000e+002
6.816667e+000,4.371597e-013,7.384177e+001,-7.416076e+000,4.371597e-013,7.384177e+001,-7.416076e+000,1.800000e+002,3.622098e+000,-1.800000e+002
6.833333e+000,4.288825e-013,7.384303e+001,-7.418866e+000,4.288825e-013,7.384303e+001,-7.418866e+000,1.800000e+002,3.639107e+000,-1.800000e+002
6.850000e+000,4.206704e-013,7.384428e+001,-7.421642e+000,4.206704e-013,7.384428e+001,-7.421642e+000,1.800000e+002,3.656025e+000,-1.800000e+002
6.866667e+000,4.154948e-013,7.384553e+001,-7.424404e+000,4.154948e-013,7.384553e+001,-7.424404e+000,1.800000e+002,3.672853e+000,-1.800000e+002
6.883333e+000,4.074140e-013,7.384676e+001,-7.427151e+000,4.074140e-013,7.384676e+001,-7.427151e+000,1.800000e+002,3.689590e+000,-1.800000e+002
6.900000e+000,4.021904e-013,7.384797e+001,-7.429885e+000,4.021904e-013,7.384797e+001,-7.429885e+000,1.800000e+002,3.706238e+000,-1.800000e+002
6.916667e+000,3.970319e-013,7.384918e+001,-7.432606e+000,3.970319e-013,7.384918e+001,-7.432606e+000,1.800000e+002,3.722795e+000,-1.800000e+002
6.933333e+000,3.893293e-013,7.385038e+001,-7.435312e+000,3.893293e-013,7.385038e+001,-7.435312e+000,1.800000e+002,3.739262e+000,-1.800000e+002
6.950000e+000,3.843022e-013,7.385156e+001,-7.438004e+000,3.843022e-013,7.385156e+001,-7.438004e+000,1.800000e+002,3.755638e+000,-1.800000e+002
6.966667e+000,3.793403e-013,7.385273e+001,-7.440682e+000,3.793403e-013,7.385273e+001,-7.440682e+000,1.800000e+002,3.771925e+000,-1.800000e+002
6.983333e+000,3.744437e-013,7.385389e+001,-7.443347e+000,3.744437e-013,7.385389e+001,-7.443347e+000,1.800000e+002,3.788121e+000,-1.800000e+002
7.000000e+000,3.696125e-013,7.385504e+001,-7.445997e+000,3.696125e-013,7.385504e+001,-7.445997e+000,1.800000e+002,3.804227e+000,-1.800000e+002
7.016667e+000,3.648466e-013,7.385617e+001,-7.448633e+000,3.648466e-013,7.385617e+001,-7.448633e+000,1.800000e+002,3.820242e+000,-1.800000e+002
7.033333e+000,3.601460e-013,7.385730e+001,-7.451256e+000,3.601460e-013,7.385730e+001,-7.451256e+000,1.800000e+002,3.836168e+000,-1.800000e+002
7.050000e+000,3.581144e-013,7.385841e+001,-7.453864e+000,3.581144e-013,7.385841e+001,-7.453864e+000,1.800000e+002,3.852003e+000,-1.800000e+002
7.066667e+000,3.528191e-013,7.385954e+001,-7.456490e+000,3.528191e-013,7.385954e+001,-7.456490e+000,1.800000e+002,3.867949e+000,-1.800000e+002
7.083333e+000,3.479499e-013,7.386067e+001,-7.459112e+000,3.479499e-013,7.386067e+001,-7.459112e+000,1.800000e+002,3.883870e+000,-1.800000e+002
7.100000e+000,3.407533e-013,7.386179e+001,-7.461723e+000,3.407533e-013,7.386179e+001,-7.461723e+000,1.800000e+002,3.899725e+000,-1.800000e+002
7.116667e+000,3.338321e-013,7.386291e+001,-7.464325e+000,3.338321e-013,7.386291e+001,-7.464325e+000,1.800000e+002,3.915515e+000,-1.800000e+002
7.133333e+000,3.299774e-013,7.386401e+001,-7.466916e+000,3.299774e-013,7.386401e+001,-7.466916e+000,1.800000e+002,3.931240e+000,-1.800000e+002
7.150000e+000,3.236067e-013,7.386511e+001,-7.469497e+000,3.236067e-013,7.386511e+001,-7.469497e+000,1.800000e+002,3.946898e+000,-1.800000e+002
7.166667e+000,3.175114e-013,7.386620e+001,-7.472068e+000,3.175114e-013,7.386620e+001,-7.472068e+000,1.800000e+002,3.962491e+000,-1.800000e+002
7.183333e+000,3.116915e-013,7.386728e+001,-7.474629e+000,3.116915e-013,7.386728e+001,-7.474629e+000,1.800000e+002,3.978019e+000,-1.800000e+002
7.200000e+000,3.063417e-013,7.386835e+001,-7.477179e+000,3.063417e-013,7.386835e+001,-7.477179e+000,1.800000e+002,3.993480e+000,-1.800000e+002
7.216667e+000,3.010731e-013,7.386942e+001,-7.479720e+000,3.010731e-013,7.386942e+001,-7.479720e+000,1.800000e+002,4.008877e+000,-1.800000e+002
7.233333e+000,2.934854e-013,7.387047e+001,-7.482250e+000,2.934854e-013,7.387047e+001,-7.482250e+000,1.800000e+002,4.024207e+000,-1.800000e+002
7.250000e+000,2.889653e-013,7.387152e+001,-7.484770e+000,2.889653e-013,7.387152e+001,-7.484770e+000,1.800000e+002,4.039472e+000,-1.800000e+002
7.266667e+000,2.819313e-013,7.387256e+001,-7.487280e+000,2.819313e-013,7.387256e+001,-7.487280e+000,1.800000e+002,4.054671e+000,-1.800000e+002
7.283333e+000,2.779650e-013,7.387359e+001,-7.489780e+000,2.779650e-013,7.387359e+001,-7.489780e+000,1.800000e+002,4.069805e+000,-1.800000e+002
7.300000e+000,2.714847e-013,7.387462e+001,-7.492270e+000,2.714847e-013,7.387462e+001,-7.492270e+000,1.800000e+002,4.084873e+000,-1.800000e+002
7.316667e+000,2.652813e-013,7.387563e+001,-7.494749e+000,2.652813e-013,7.387563e+001,-7.494749e+000,1.800000e+002,4.099875e+000,-1.800000e+002
7.333333e+000,2.593548e-013,7.387664e+001,-7.497218e+000,2.593548e-013,7.387664e+001,-7.497218e+000,1.800000e+002,4.114812e+000,-1.800000e+002
7.350000e+000,2.539067e-013,7.387764e+001,-7.499678e+000,2.539067e-013,7.387764e+001,-7.499678e+000,1.800000e+002,4.129683e+000,-1.800000e+002
7.366667e+000,2.487368e-013,7.387863e+001,-7.502127e+000,2.487368e-013,7.387863e+001,-7.502127e+000,1.800000e+002,4.144488e+000,-1.800000e+002
7.383333e+000,2.436332e-013,7.387963e+001,-7.504584e+000,2.436332e-013,7.387963e+001,-7.504584e+000,1.800000e+002,4.159350e+000,-1.800000e+002
7.400000e+000,2.379785e-013,7.388063e+001,-7.507038e+000,2.379785e-013,7.388063e+001,-7.507038e+000,1.800000e+002,4.174184e+000,-1.800000e+002
7.416667e+000,2.322828e-013,7.388162e+001,-7.509483e+000,2.322828e-013,7.388162e+001,-7.509483e+000,1.800000e+002,4.188968e+000,-1.800000e+002
7.433333e+000,2.293365e-013,7.388260e+001,-7.511920e+000,2.293365e-013,7.388260e+001,-7.511920e+000,1.800000e+002,4.203700e+000,-1.800000e+002
7.450000e+000,2.235591e-013,7.388358e+001,-7.514350e+000,2.235591e-013,7.388358e+001,-7.514350e+000,1.800000e+002,4.218382e+000,-1.800000e+002
7.466667e+000,2.177407e-013,7.388455e+001,-7.516772e+000,2.177407e-013,7.388455e+001,-7.516772e+000,1.800000e+002,4.233013e+000,-1.800000e+002
7.483333e+000,2.146716e-013,7.388552e+001,-7.519186e+000,2.146716e-013,7.388552e+001,-7.519186e+000,1.800000e+002,4.247593e+000,-1.800000e+002
7.500000e+000,2.085635e-013,7.388648e+001,-7.521592e+000,2.085635e-013,7.388648e+001,-7.521592e+000,1.800000e+002,4.262123e+000,-1.800000e+002
7.516667e+000,2.026218e-013,7.388744e+001,-7.523990e+000,2.026218e-013,7.388744e+001,-7.523990e+000,1.800000e+002,4.276601e+000,-1.800000e+002
7.533333e+000,1.992198e-013,7.388838e+001,-7.526380e+000,1.992198e-013,7.388838e+001,-7.526380e+000,1.800000e+002,4.291029e+000,-1.800000e+002
7.550000e+000,1.931956e-013,7.388933e+001,-7.528762e+000,1.931956e-013,7.388933e+001,-7.528762e+000,1.800000e+002,4.305406e+000,-1.800000e+002
7.566667e+000,1.897097e-013,7.389026e+001,-7.531137e+000,1.897097e-013,7.389026e+001,-7.531137e+000,1.800000e+002,4.319732e+000,-1.800000e+002
7.583333e+000,1.863927e-013,7.389119e+001,-7.533503e+000,1.863927e-013,7.389119e+001,-7.533503e+000,1.800000e+002,4.334007e+000,-1.800000e+002
7.600000e+000,1.800330e-013,7.389211e+001,-7.535862e+000,1.800330e-013,7.389211e+001,-7.535862e+000,1.800000e+002,4.348231e+000,-1.800000e+002
7.616667e+000,1.764207e-013,7.389303e+001,-7.538213e+000,1.764207e-013,7.389303e+001,-7.538213e+000,1.800000e+002,4.362405e+000,-1.800000e+002
7.633333e+000,1.729795e-013,7.389394e+001,-7.540555e+000,1.729795e-013,7.389394e+001,-7.540555e+000,1.800000e+002,4.376527e+000,-1.800000e+002
7.650000e+000,1.664937e-013,7.389485e+001,-7.542890e+000,1.664937e-013,7.389485e+001,-7.542890e+000,1.800000e+002,4.390599e+000,-1.800000e+002
7.666667e+000,1.627551e-013,7.389575e+001,-7.545217e+000,1.627551e-013,7.389575e+001,-7.545217e+000,1.800000e+002,4.404620e+000,-1.800000e+002
7.683333e+000,1.589742e-013,7.389664e+001,-7.547537e+000,1.589742e-013,7.389664e+001,-7.547537e+000,1.800000e+002,4.418590e+000,-1.800000e+002
7.700000e+000,1.557970e-013,7.389753e+001,-7.549859e+000,1.557970e-013,7.389753e+001,-7.549859e+000,1.800000e+002,4.432583e+000,-1.800000e+002
7.716667e+000,1.527921e-013,7.389843e+001,-7.552177e+000,1.527921e-013,7.389843e+001,-7.552177e+000,1.800000e+002,4.446550e+000,-1.800000e+002
7.733333e+000,1.498370e-013,7.389932e+001,-7.554490e+000,1.498370e-013,7.389932e+001,-7.554490e+000,1.800000e+002,4.460476e+000,-1.800000e+002
7.750000e+000,1.469315e-013,7.390020e+001,-7.556795e+000,1.469315e-013,7.390020e+001,-7.556795e+000,1.800000e+002,4.474362e+000,-1.800000e+002
7.766667e+000,1.440756e-013,7.390108e+001,-7.559095e+000,1.440756e-013,7.390108e+001,-7.559095e+000,1.800000e+002,4.488207e+000,-1.800000e+002
7.783333e+000,1.412695e-013,7.390196e+001,-7.561388e+000,1.412695e-013,7.390196e+001,-7.561388e+000,1.800000e+002,4.502012e+000,-1.800000e+002
7.800000e+000,1.382928e-013,7.390283e+001,-7.563675e+000,1.382928e-013,7.390283e+001,-7.563675e+000,1.800000e+002,4.515777e+000,-1.800000e+002
7.816667e+000,1.355854e-013,7.390369e+001,-7.565956e+000,1.355854e-013,7.390369e+001,-7.565956e+000,1.800000e+002,4.529502e+000,-1.800000e+002
7.833333e+000,1.357167e-013,7.390455e+001,-7.568230e+000,1.357167e-013,7.390455e+001,-7.568230e+000,1.800000e+002,4.543186e+000,-1.800000e+002
7.850000e+000,1.328864e-013,7.390541e+001,-7.570498e+000,1.328864e-013,7.390541e+001,-7.570498e+000,1.800000e+002,4.556829e+000,-1.800000e+002
7.866667e+000,1.303275e-013,7.390626e+001,-7.572760e+000,1.303275e-013,7.390626e+001,-7.572760e+000,1.800000e+002,4.570433e+000,-1.800000e+002
7.883333e+000,1.275946e-013,7.390711e+001,-7.575016e+000,1.275946e-013,7.390711e+001,-7.575016e+000,-1.800000e+002,4.583996e+000,1.800000e+002
7.900000e+000,1.279232e-013,7.390795e+001,-7.577265e+000,1.279232e-013,7.390795e+001,-7.577265e+000,-1.800000e+002,4.597519e+000,1.800000e+002
7.916667e+000,1.252879e-013,7.390879e+001,-7.579508e+000,1.252879e-013,7.390879e+001,-7.579508e+000,-1.800000e+002,4.611001e+000,1.800000e+002
7.933333e+000,1.227010e-013,7.390962e+001,-7.581745e+000,1.227010e-013,7.390962e+001,-7.581745e+000,-1.800000e+002,4.624443e+000,1.800000e+002
7.950000e+000,1.229511e-013,7.391045e+001,-7.583975e+000,1.229511e-013,7.391045e+001,-7.583975e+000,-1.800000e+002,4.637844e+000,1.800000e+002
7.966667e+000,1.234634e-013,7.391097e+001,-7.585292e+000,1.234634e-013,7.391097e+001,-7.585292e+000,-1.800000e+002,4.645533e+000,1.800000e+002
7.983333e+000,1.209615e-013,7.391141e+001,-7.586357e+000,1.209615e-013,7.391141e+001,-7.586357e+000,-1.800000e+002,4.651641e+000,1.800000e+002
8.000000e+000,1.184585e-013,7.391185e+001,-7.587422e+000,1.184585e-013,7.391185e+001,-7.587422e+000,-1.800000e+002,4.657749e+000,1.800000e+002
8.016667e+000,1.187427e-013,7.391228e+001,-7.588486e+000,1.187427e-013,7.391228e+001,-7.588486e+000,-1.800000e+002,4.663857e+000,1.800000e+002
8.033333e+000,1.162515e-013,7.391186e+001,-7.586930e+000,1.162515e-013,7.391186e+001,-7.586930e+000,-1.800000e+002,4.653267e+000,1.800000e+002
8.050000e+000,1.165525e-013,7.391136e+001,-7.585118e+000,1.165525e-013,7.391136e+001,-7.585118e+000,-1.800000e+002,4.641043e+000,1.800000e+002
8.066667e+000,1.140684e-013,7.391064e+001,-7.583000e+000,1.140684e-013,7.391064e+001,-7.583000e+000,-1.800000e+002,4.627828e+000,1.800000e+002
8.083333e+000,1.143757e-013,7.390988e+001,-7.580823e+000,1.143757e-013,7.390988e+001,-7.580823e+000,-1.800000e+002,4.614417e+000,1.800000e+002
8.100000e+000,1.118971e-013,7.390907e+001,-7.578604e+000,1.118971e-013,7.390907e+001,-7.578604e+000,-1.800000e+002,4.600936e+000,1.800000e+002
8.116667e+000,1.124338e-013,7.390825e+001,-7.576371e+000,1.124338e-013,7.390825e+001,-7.576371e+000,-1.800000e+002,4.587433e+000,1.800000e+002
8.133333e+000,1.148675e-013,7.390740e+001,-7.574109e+000,1.148675e-013,7.390740e+001,-7.574109e+000,-1.800000e+002,4.573782e+000,1.800000e+002
8.150000e+000,1.152967e-013,7.390654e+001,-7.571832e+000,1.152967e-013,7.390654e+001,-7.571832e+000,-1.800000e+002,4.560063e+000,1.800000e+002
8.166667e+000,1.187327e-013,7.390568e+001,-7.569556e+000,1.187327e-013,7.390568e+001,-7.569556e+000,-1.800000e+002,4.546343e+000,1.800000e+002
8.183333e+000,1.191533e-013,7.390482e+001,-7.567280e+000,1.191533e-013,7.390482e+001,-7.567280e+000,-1.800000e+002,4.532624e+000,1.800000e+002
8.200000e+000,1.225794e-013,7.390396e+001,-7.565004e+000,1.225794e-013,7.390396e+001,-7.565004e+000,-1.800000e+002,4.518904e+000,1.800000e+002
8.216667e+000,1.229914e-013,7.390310e+001,-7.562728e+000,1.229914e-013,7.390310e+001,-7.562728e+000,-1.800000e+002,4.505185e+000,1.800000e+002
8.233333e+000,1.264076e-013,7.390224e+001,-7.560452e+000,1.264076e-013,7.390224e+001,-7.560452e+000,-1.800000e+002,4.491465e+000,1.800000e+002
8.250000e+000,1.268110e-013,7.390139e+001,-7.558176e+000,1.268110e-013,7.390139e+001,-7.558176e+000,-1.800000e+002,4.477746e+000,-1.800000e+002
8.266667e+000,1.302174e-013,7.390053e+001,-7.555900e+000,1.302174e-013,7.390053e+001,-7.555900e+000,1.800000e+002,4.464026e+000,-1.800000e+002
8.283333e+000,1.339369e-013,7.389967e+001,-7.553615e+000,1.339369e-013,7.389967e+001,-7.553615e+000,1.800000e+002,4.450247e+000,-1.800000e+002
8.300000e+000,1.363352e-013,7.389876e+001,-7.551281e+000,1.363352e-013,7.389876e+001,-7.551281e+000,1.800000e+002,4.436150e+000,-1.800000e+002
8.316667e+000,1.417345e-013,7.389786e+001,-7.548946e+000,1.417345e-013,7.389786e+001,-7.548946e+000,1.800000e+002,4.422054e+000,-1.800000e+002
8.333333e+000,1.441240e-013,7.389696e+001,-7.546612e+000,1.441240e-013,7.389696e+001,-7.546612e+000,1.800000e+002,4.407958e+000,-1.800000e+002
8.350000e+000,1.467236e-013,7.389605e+001,-7.544277e+000,1.467236e-013,7.389605e+001,-7.544277e+000,1.800000e+002,4.393862e+000,-1.800000e+002
8.366667e+000,1.518937e-013,7.389515e+001,-7.541943e+000,1.518937e-013,7.389515e+001,-7.541943e+000,1.800000e+002,4.379766e+000,-1.800000e+002
8.383333e+000,1.544831e-013,7.389425e+001,-7.539608e+000,1.544831e-013,7.389425e+001,-7.539608e+000,1.800000e+002,4.365669e+000,-1.800000e+002
8.400000e+000,1.598568e-013,7.389335e+001,-7.537274e+000,1.598568e-013,7.389335e+001,-7.537274e+000,1.800000e+002,4.351573e+000,-1.800000e+002
8.416667e+000,1.622236e-013,7.389245e+001,-7.534940e+000,1.622236e-013,7.389245e+001,-7.534940e+000,1.800000e+002,4.337477e+000,-1.800000e+002
8.433333e+000,1.675871e-013,7.389155e+001,-7.532606e+000,1.675871e-013,7.389155e+001,-7.532606e+000,1.800000e+002,4.323381e+000,-1.800000e+002
8.450000e+000,1.754924e-013,7.389039e+001,-7.529960e+000,1.754924e-013,7.389039e+001,-7.529960e+000,1.800000e+002,4.307283e+000,-1.800000e+002
8.466667e+000,1.780918e-013,7.388948e+001,-7.527619e+000,1.780918e-013,7.388948e+001,-7.527619e+000,1.800000e+002,4.293137e+000,-1.800000e+002
8.483333e+000,1.834672e-013,7.388858e+001,-7.525270e+000,1.834672e-013,7.388858e+001,-7.525270e+000,1.800000e+002,4.278947e+000,-1.800000e+002
8.500000e+000,1.860407e-013,7.388766e+001,-7.522915e+000,1.860407e-013,7.388766e+001,-7.522915e+000,1.800000e+002,4.264714e+000,-1.800000e+002
8.516667e+000,1.916017e-013,7.388674e+001,-7.520553e+000,1.916017e-013,7.388674e+001,-7.520553e+000,1.800000e+002,4.250436e+000,-1.800000e+002
8.533333e+000,1.943636e-013,7.388582e+001,-7.518184e+000,1.943636e-013,7.388582e+001,-7.518184e+000,1.800000e+002,4.236114e+000,-1.800000e+002
8.550000e+000,1.999085e-013,7.388489e+001,-7.515808e+000,1.999085e-013,7.388489e+001,-7.515808e+000,1.800000e+002,4.221749e+000,-1.800000e+002
8.566667e+000,2.028636e-013,7.388396e+001,-7.513426e+000,2.028636e-013,7.388396e+001,-7.513426e+000,1.800000e+002,4.207340e+000,-1.800000e+002
8.583333e+000,2.086047e-013,7.388302e+001,-7.511037e+000,2.086047e-013,7.388302e+001,-7.511037e+000,1.800000e+002,4.192886e+000,-1.800000e+002
8.600000e+000,2.115107e-013,7.388207e+001,-7.508638e+000,2.115107e-013,7.388207e+001,-7.508638e+000,1.800000e+002,4.178371e+000,-1.800000e+002
8.616667e+000,2.134486e-013,7.388110e+001,-7.506208e+000,2.134486e-013,7.388110e+001,-7.506208e+000,1.800000e+002,4.163651e+000,-1.800000e+002
8.633333e+000,2.179723e-013,7.388012e+001,-7.503769e+000,2.179723e-013,7.388012e+001,-7.503769e+000,1.800000e+002,4.148872e+000,-1.800000e+002
8.650000e+000,2.197050e-013,7.387913e+001,-7.501321e+000,2.197050e-013,7.387913e+001,-7.501321e+000,1.800000e+002,4.134035e+000,-1.800000e+002
8.666667e+000,2.242274e-013,7.387814e+001,-7.498863e+000,2.242274e-013,7.387814e+001,-7.498863e+000,1.800000e+002,4.119140e+000,-1.800000e+002
8.683333e+000,2.257584e-013,7.387714e+001,-7.496397e+000,2.257584e-013,7.387714e+001,-7.496397e+000,1.800000e+002,4.104186e+000,-1.800000e+002
8.700000e+000,2.302802e-013,7.387613e+001,-7.493922e+000,2.302802e-013,7.387613e+001,-7.493922e+000,1.800000e+002,4.089173e+000,-1.800000e+002
8.716667e+000,2.318118e-013,7.387511e+001,-7.491438e+000,2.318118e-013,7.387511e+001,-7.491438e+000,1.800000e+002,4.074103e+000,-1.800000e+002
8.733333e+000,2.361349e-013,7.387409e+001,-7.488945e+000,2.361349e-013,7.387409e+001,-7.488945e+000,1.800000e+002,4.058974e+000,-1.800000e+002
8.750000e+000,2.376679e-013,7.387306e+001,-7.486444e+000,2.376679e-013,7.387306e+001,-7.486444e+000,1.800000e+002,4.043787e+000,-1.800000e+002
8.766667e+000,2.417959e-013,7.387203e+001,-7.483933e+000,2.417959e-013,7.387203e+001,-7.483933e+000,1.800000e+002,4.028541e+000,-1.800000e+002
8.783333e+000,2.433310e-013,7.387099e+001,-7.481413e+000,2.433310e-013,7.387099e+001,-7.481413e+000,1.800000e+002,4.013237e+000,-1.800000e+002
8.800000e+000,2.474626e-013,7.386994e+001,-7.478884e+000,2.474626e-013,7.386994e+001,-7.478884e+000,1.800000e+002,3.997874e+000,-1.800000e+002
8.816667e+000,2.488055e-013,7.386888e+001,-7.476346e+000,2.488055e-013,7.386888e+001,-7.476346e+000,1.800000e+002,3.982453e+000,-1.800000e+002
8.833333e+000,2.529415e-013,7.386782e+001,-7.473799e+000,2.529415e-013,7.386782e+001,-7.473799e+000,1.800000e+002,3.966974e+000,-1.800000e+002
8.850000e+000,2.540959e-013,7.386675e+001,-7.471243e+000,2.540959e-013,7.386675e+001,-7.471243e+000,1.800000e+002,3.951436e+000,-1.800000e+002
8.866667e+000,2.552539e-013,7.386567e+001,-7.468679e+000,2.552539e-013,7.386567e+001,-7.468679e+000,1.800000e+002,3.935840e+000,-1.800000e+002
8.883333e+000,2.593980e-013,7.386459e+001,-7.466105e+000,2.593980e-013,7.386459e+001,-7.466105e+000,1.800000e+002,3.920185e+000,-1.800000e+002
8.900000e+000,2.605627e-013,7.386350e+001,-7.463522e+000,2.605627e-013,7.386350e+001,-7.463522e+000,1.800000e+002,3.904472e+000,-1.800000e+002
8.916667e+000,2.643325e-013,7.386240e+001,-7.460930e+000,2.643325e-013,7.386240e+001,-7.460930e+000,1.800000e+002,3.888701e+000,-1.800000e+002
8.933333e+000,2.655053e-013,7.386130e+001,-7.458330e+000,2.655053e-013,7.386130e+001,-7.458330e+000,1.800000e+002,3.872871e+000,-1.800000e+002
8.950000e+000,2.692850e-013,7.386019e+001,-7.455720e+000,2.692850e-013,7.386019e+001,-7.455720e+000,1.800000e+002,3.856983e+000,-1.800000e+002
8.966667e+000,2.702786e-013,7.385907e+001,-7.453101e+000,2.702786e-013,7.385907e+001,-7.453101e+000,1.800000e+002,3.841037e+000,-1.800000e+002
8.983333e+000,2.740690e-013,7.385795e+001,-7.450474e+000,2.740690e-013,7.385795e+001,-7.450474e+000,1.800000e+002,3.825032e+000,-1.800000e+002
9.000000e+000,2.750731e-013,7.385681e+001,-7.447827e+000,2.750731e-013,7.385681e+001,-7.447827e+000,1.800000e+002,3.808901e+000,-1.800000e+002
9.016667e+000,2.792443e-013,7.385565e+001,-7.445163e+000,2.792443e-013,7.385565e+001,-7.445163e+000,1.800000e+002,3.792657e+000,-1.800000e+002
9.033333e+000,2.808104e-013,7.385449e+001,-7.442489e+000,2.808104e-013,7.385449e+001,-7.442489e+000,1.800000e+002,3.776346e+000,-1.800000e+002
9.050000e+000,2.849852e-013,7.385332e+001,-7.439805e+000,2.849852e-013,7.385332e+001,-7.439805e+000,1.800000e+002,3.759967e+000,-1.800000e+002
9.066667e+000,2.863706e-013,7.385214e+001,-7.437110e+000,2.863706e-013,7.385214e+001,-7.437110e+000,1.800000e+002,3.743519e+000,-1.800000e+002
9.083333e+000,2.877580e-013,7.385095e+001,-7.434405e+000,2.877580e-013,7.385095e+001,-7.434405e+000,1.800000e+002,3.727004e+000,-1.800000e+002
9.100000e+000,2.919396e-013,7.384975e+001,-7.431690e+000,2.919396e-013,7.384975e+001,-7.431690e+000,1.800000e+002,3.710421e+000,-1.800000e+002
9.116667e+000,2.935117e-013,7.384855e+001,-7.428964e+000,2.935117e-013,7.384855e+001,-7.428964e+000,1.800000e+002,3.693770e+000,-1.800000e+002
9.133333e+000,2.976969e-013,7.384734e+001,-7.426227e+000,2.976969e-013,7.384734e+001,-7.426227e+000,1.800000e+002,3.677052e+000,-1.800000e+002
9.150000e+000,2.990923e-013,7.384612e+001,-7.423481e+000,2.990923e-013,7.384612e+001,-7.423481e+000,1.800000e+002,3.660265e+000,-1.800000e+002
9.166667e+000,3.032819e-013,7.384489e+001,-7.420724e+000,3.032819e-013,7.384489e+001,-7.420724e+000,1.800000e+002,3.643411e+000,-1.800000e+002
9.183333e+000,3.046817e-013,7.384366e+001,-7.417956e+000,3.046817e-013,7.384366e+001,-7.417956e+000,1.800000e+002,3.626488e+000,-1.800000e+002
9.200000e+000,3.090519e-013,7.384241e+001,-7.415178e+000,3.090519e-013,7.384241e+001,-7.415178e+000,1.800000e+002,3.609498e+000,-1.800000e+002
9.216667e+000,3.104552e-013,7.384116e+001,-7.412390e+000,3.104552e-013,7.384116e+001,-7.412390e+000,1.800000e+002,3.592440e+000,-1.800000e+002
9.233333e+000,3.146529e-013,7.383990e+001,-7.409592e+000,3.146529e-013,7.383990e+001,-7.409592e+000,1.800000e+002,3.575314e+000,-1.800000e+002
9.250000e+000,3.160606e-013,7.383863e+001,-7.406783e+000,3.160606e-013,7.383863e+001,-7.406783e+000,1.800000e+002,3.558120e+000,-1.800000e+002
9.266667e+000,3.202627e-013,7.383736e+001,-7.403964e+000,3.202627e-013,7.383736e+001,-7.403964e+000,1.800000e+002,3.540858e+000,-1.800000e+002
9.283333e+000,3.218467e-013,7.383607e+001,-7.401134e+000,3.218467e-013,7.383607e+001,-7.401134e+000,1.800000e+002,3.523529e+000,-1.800000e+002
9.300000e+000,3.260525e-013,7.383478e+001,-7.398294e+000,3.260525e-013,7.383478e+001,-7.398294e+000,1.800000e+002,3.506131e+000,-1.800000e+002
9.316667e+000,3.274679e-013,7.383348e+001,-7.395443e+000,3.274679e-013,7.383348e+001,-7.395443e+000,1.800000e+002,3.488666e+000,-1.800000e+002
9.333333e+000,3.316781e-013,7.383218e+001,-7.392583e+000,3.316781e-013,7.383218e+001,-7.392583e+000,1.800000e+002,3.471132e+000,-1.800000e+002
9.350000e+000,3.332665e-013,7.383086e+001,-7.389712e+000,3.332665e-013,7.383086e+001,-7.389712e+000,1.800000e+002,3.453531e+000,-1.800000e+002
9.366667e+000,3.374803e-013,7.382954e+001,-7.386830e+000,3.374803e-013,7.382954e+001,-7.386830e+000,1.800000e+002,3.435862e+000,-1.800000e+002
9.383333e+000,3.389257e-013,7.382820e+001,-7.383934e+000,3.389257e-013,7.382820e+001,-7.383934e+000,1.800000e+002,3.418095e+000,-1.800000e+002
9.400000e+000,3.408265e-013,7.382681e+001,-7.380968e+000,3.408265e-013,7.382681e+001,-7.380968e+000,1.800000e+002,3.399861e+000,-1.800000e+002
9.416667e+000,3.453806e-013,7.382540e+001,-7.377988e+000,3.453806e-013,7.382540e+001,-7.377988e+000,1.800000e+002,3.381525e+000,-1.800000e+002
9.433333e+000,3.471691e-013,7.382398e+001,-7.374991e+000,3.471691e-013,7.382398e+001,-7.374991e+000,1.800000e+002,3.363086e+000,-1.800000e+002
9.450000e+000,3.517779e-013,7.382254e+001,-7.371979e+000,3.517779e-013,7.382254e+001,-7.371979e+000,1.800000e+002,3.344545e+000,-1.800000e+002
9.466667e+000,3.537832e-013,7.382110e+001,-7.368952e+000,3.537832e-013,7.382110e+001,-7.368952e+000,1.800000e+002,3.325901e+000,-1.800000e+002
9.483333e+000,3.584456e-013,7.381964e+001,-7.365909e+000,3.584456e-013,7.381964e+001,-7.365909e+000,1.800000e+002,3.307154e+000,-1.800000e+002
9.500000e+000,3.603422e-013,7.381817e+001,-7.362851e+000,3.603422e-013,7.381817e+001,-7.362851e+000,1.800000e+002,3.288305e+000,-1.800000e+002
9.516667e+000,3.652187e-013,7.381669e+001,-7.359777e+000,3.652187e-013,7.381669e+001,-7.359777e+000,1.800000e+002,3.269353e+000,-1.800000e+002
9.533333e+000,3.671689e-013,7.381519e+001,-7.356688e+000,3.671689e-013,7.381519e+001,-7.356688e+000,1.800000e+002,3.250298e+000,-1.800000e+002
9.550000e+000,3.719395e-013,7.381369e+001,-7.353584e+000,3.719395e-013,7.381369e+001,-7.353584e+000,1.800000e+002,3.231141e+000,-1.800000e+002
9.566667e+000,3.739442e-013,7.381217e+001,-7.350463e+000,3.739442e-013,7.381217e+001,-7.350463e+000,1.800000e+002,3.211881e+000,-1.800000e+002
9.583333e+000,3.789252e-013,7.381064e+001,-7.347328e+000,3.789252e-013,7.381064e+001,-7.347328e+000,1.800000e+002,3.192518e+000,-1.800000e+002
9.600000e+000,3.809834e-013,7.380909e+001,-7.344177e+000,3.809834e-013,7.380909e+001,-7.344177e+000,1.800000e+002,3.173053e+000,-1.800000e+002
9.616667e+000,3.858623e-013,7.380754e+001,-7.341010e+000,3.858623e-013,7.380754e+001,-7.341010e+000,1.800000e+002,3.153485e+000,-1.800000e+002
9.633333e+000,3.879749e-013,7.380597e+001,-7.337828e+000,3.879749e-013,7.380597e+001,-7.337828e+000,1.800000e+002,3.133815e+000,-1.800000e+002
9.650000e+000,3.902667e-013,7.380439e+001,-7.334631e+000,3.902667e-013,7.380439e+001,-7.334631e+000,1.800000e+002,3.114042e+000,-1.800000e+002
9.666667e+000,3.952265e-013,7.380280e+001,-7.331418e+000,3.952265e-013,7.380280e+001,-7.331418e+000,1.800000e+002,3.094166e+000,-1.800000e+002
9.683333e+000,3.974198e-013,7.380119e+001,-7.328189e+000,3.974198e-013,7.380119e+001,-7.328189e+000,1.800000e+002,3.074188e+000,-1.800000e+002
9.700000e+000,4.025832e-013,7.379958e+001,-7.324946e+000,4.025832e-013,7.379958e+001,-7.324946e+000,1.800000e+002,3.054107e+000,-1.800000e+002
9.716667e+000,4.048299e-013,7.379795e+001,-7.321686e+000,4.048299e-013,7.379795e+001,-7.321686e+000,1.800000e+002,3.033923e+000,-1.800000e+002
9.733333e+000,4.098978e-013,7.379631e+001,-7.318411e+000,4.098978e-013,7.379631e+001,-7.318411e+000,1.800000e+002,3.013637e+000,-1.800000e+002
9.750000e+000,4.123451e-013,7.379466e+001,-7.315121e+000,4.123451e-013,7.379466e+001,-7.315121e+000,1.800000e+002,2.993248e+000,-1.800000e+002
9.766667e+000,4.174666e-013,7.379300e+001,-7.311815e+000,4.174666e-013,7.379300e+001,-7.311815e+000,1.800000e+002,2.972756e+000,-1.800000e+002
9.783333e+000,4.196004e-013,7.379124e+001,-7.308410e+000,4.196004e-013,7.379124e+001,-7.308410e+000,1.800000e+002,2.951575e+000,-1.800000e+002
9.800000e+000,4.243560e-013,7.378941e+001,-7.304914e+000,4.243560e-013,7.378941e+001,-7.304914e+000,1.800000e+002,2.929760e+000,-1.800000e+002
9.816667e+000,4.264539e-013,7.378755e+001,-7.301391e+000,4.264539e-013,7.378755e+001,-7.301391e+000,1.800000e+002,2.907755e+000,-1.800000e+002
9.833333e+000,4.311973e-013,7.378567e+001,-7.297839e+000,4.311973e-013,7.378567e+001,-7.297839e+000,1.800000e+002,2.885560e+000,-1.800000e+002
9.850000e+000,4.331410e-013,7.378376e+001,-7.294259e+000,4.331410e-013,7.378376e+001,-7.294259e+000,1.800000e+002,2.863176e+000,-1.800000e+002
9.866667e+000,4.352177e-013,7.378183e+001,-7.290652e+000,4.352177e-013,7.378183e+001,-7.290652e+000,1.800000e+002,2.840601e+000,-1.800000e+002
9.883333e+000,4.399434e-013,7.377988e+001,-7.287016e+000,4.399434e-013,7.377988e+001,-7.287016e+000,1.800000e+002,2.817837e+000,-1.800000e+002
9.900000e+000,4.418692e-013,7.377791e+001,-7.283353e+000,4.418692e-013,7.377791e+001,-7.283353e+000,1.800000e+002,2.794883e+000,-1.800000e+002
9.916667e+000,4.467191e-013,7.377591e+001,-7.279662e+000,4.467191e-013,7.377591e+001,-7.279662e+000,1.800000e+002,2.771739e+000,-1.800000e+002
9.933333e+000,4.486325e-013,7.377389e+001,-7.275943e+000,4.486325e-013,7.377389e+001,-7.275943e+000,1.800000e+002,2.748405e+000,-1.800000e+002
9.950000e+000,4.533348e-013,7.377185e+001,-7.272196e+000,4.533348e-013,7.377185e+001,-7.272196e+000,1.800000e+002,2.724881e+000,-1.800000e+002
9.966667e+000,4.553688e-013,7.376978e+001,-7.268422e+000,4.553688e-013,7.376978e+001,-7.268422e+000,1.800000e+002,2.701168e+000,-1.800000e+002
9.983333e+000,4.600589e-013,7.376769e+001,-7.264619e+000,4.600589e-013,7.376769e+001,-7.264619e+000,1.800000e+002,2.677264e+000,-1.800000e+002
1.000000e+001,4.619486e-013,7.376558e+001,-7.260789e+000,4.619486e-013,7.376558e+001,-7.260789e+000,1.800000e+002,2.653171e+000,-1.800000e+002
1.001667e+001,4.667559e-013,7.376345e+001,-7.256931e+000,4.667559e-013,7.376345e+001,-7.256931e+000,1.800000e+002,2.628887e+000,-1.800000e+002
1.003333e+001,4.686332e-013,7.376129e+001,-7.253044e+000,4.686332e-013,7.376129e+001,-7.253044e+000,1.800000e+002,2.604414e+000,-1.800000e+002
1.005000e+001,4.732997e-013,7.375911e+001,-7.249130e+000,4.732997e-013,7.375911e+001,-7.249130e+000,1.800000e+002,2.579751e+000,-1.800000e+002
1.006667e+001,4.752904e-013,7.375691e+001,-7.245189e+000,4.752904e-013,7.375691e+001,-7.245189e+000,1.800000e+002,2.554898e+000,-1.800000e+002
1.008333e+001,4.799446e-013,7.375469e+001,-7.241219e+000,4.799446e-013,7.375469e+001,-7.241219e+000,1.800000e+002,2.529856e+000,-1.800000e+002
1.010000e+001,4.819203e-013,7.375244e+001,-7.237221e+000,4.819203e-013,7.375244e+001,-7.237221e+000,1.800000e+002,2.504623e+000,-1.800000e+002
1.011667e+001,4.865620e-013,7.375018e+001,-7.233196e+000,4.865620e-013,7.375018e+001,-7.233196e+000,1.800000e+002,2.479201e+000,-1.800000e+002
1.013333e+001,4.884029e-013,7.374789e+001,-7.229143e+000,4.884029e-013,7.374789e+001,-7.229143e+000,1.800000e+002,2.453588e+000,-1.800000e+002
1.015000e+001,4.931519e-013,7.374557e+001,-7.225062e+000,4.931519e-013,7.374557e+001,-7.225062e+000,1.800000e+002,2.427786e+000,-1.800000e+002
1.016667e+001,4.949803e-013,7.374324e+001,-7.220953e+000,4.949803e-013,7.374324e+001,-7.220953e+000,1.800000e+002,2.401792e+000,-1.800000e+002
1.018333e+001,5.183990e-013,7.374079e+001,-7.216646e+000,5.183990e-013,7.374079e+001,-7.216646e+000,1.800000e+002,2.374190e+000,-1.800000e+002
1.020000e+001,5.350002e-013,7.373810e+001,-7.212117e+000,5.350002e-013,7.373810e+001,-7.212117e+000,1.800000e+002,2.345092e+000,-1.800000e+002
1.021667e+001,5.482610e-013,7.373531e+001,-7.207501e+000,5.482610e-013,7.373531e+001,-7.207501e+000,1.800000e+002,2.315404e+000,-1.800000e+002
1.023333e+001,5.587263e-013,7.373253e+001,-7.202885e+000,5.587263e-013,7.373253e+001,-7.202885e+000,1.800000e+002,2.285716e+000,-1.800000e+002
1.025000e+001,5.720973e-013,7.372975e+001,-7.198269e+000,5.720973e-013,7.372975e+001,-7.198269e+000,1.800000e+002,2.256028e+000,-1.800000e+002
1.026667e+001,5.815321e-013,7.372689e+001,-7.193562e+000,5.815321e-013,7.372689e+001,-7.193562e+000,1.800000e+002,2.225649e+000,-1.800000e+002
1.028333e+001,5.902644e-013,7.372375e+001,-7.188538e+000,5.902644e-013,7.372375e+001,-7.188538e+000,1.800000e+002,2.192848e+000,-1.800000e+002
1.030000e+001,5.960924e-013,7.372061e+001,-7.183513e+000,5.960924e-013,7.372061e+001,-7.183513e+000,1.800000e+002,2.160047e+000,-1.800000e+002
1.031667e+001,6.020241e-013,7.371748e+001,-7.178488e+000,6.020241e-013,7.371748e+001,-7.178488e+000,1.800000e+002,2.127246e+000,-1.800000e+002
1.033333e+001,6.106462e-013,7.371435e+001,-7.173464e+000,6.106462e-013,7.371435e+001,-7.173464e+000,1.800000e+002,2.094445e+000,-1.800000e+002
1.035000e+001,6.137948e-013,7.371077e+001,-7.167929e+000,6.137948e-013,7.371077e+001,-7.167929e+000,1.800000e+002,2.057503e+000,-1.800000e+002
1.036667e+001,6.191267e-013,7.370711e+001,-7.162300e+000,6.191267e-013,7.370711e+001,-7.162300e+000,1.800000e+002,2.019799e+000,-1.800000e+002
1.038333e+001,6.216626e-013,7.370346e+001,-7.156672e+000,6.216626e-013,7.370346e+001,-7.156672e+000,1.800000e+002,1.982096e+000,-1.800000e+002
1.040000e+001,6.270895e-013,7.369981e+001,-7.151043e+000,6.270895e-013,7.369981e+001,-7.151043e+000,1.800000e+002,1.944392e+000,-1.800000e+002
1.041667e+001,6.296213e-013,7.369612e+001,-7.145301e+000,6.296213e-013,7.369612e+001,-7.145301e+000,1.800000e+002,1.905596e+000,-1.800000e+002
1.043333e+001,6.317636e-013,7.369212e+001,-7.139089e+000,6.317636e-013,7.369212e+001,-7.139089e+000,1.800000e+002,1.862465e+000,-1.800000e+002
1.045000e+001,6.311906e-013,7.368740e+001,-7.132151e+000,6.311906e-013,7.368740e+001,-7.132151e+000,1.800000e+002,1.811418e+000,-1.800000e+002
1.046667e+001,6.278210e-013,7.368268e+001,-7.125213e+000,6.278210e-013,7.368268e+001,-7.125213e+000,1.800000e+002,1.760370e+000,-1.800000e+002
1.048333e+001,6.273312e-013,7.367798e+001,-7.118276e+000,6.273312e-013,7.367798e+001,-7.118276e+000,1.800000e+002,1.709323e+000,-1.800000e+002
1.050000e+001,6.239486e-013,7.367318e+001,-7.110995e+000,6.239486e-013,7.367318e+001,-7.110995e+000,1.800000e+002,1.653183e+000,-1.800000e+002


